2026-01-01	06:34	08:29	12:41	14:24	16:44	18:25
2026-01-02	06:34	08:28	12:42	14:25	16:45	18:26
2026-01-03	06:34	08:28	12:42	14:26	16:46	18:27
2026-01-04	06:34	08:28	12:42	14:27	16:47	18:28
2026-01-05	06:34	08:28	12:43	14:28	16:48	18:29
2026-01-06	06:34	08:28	12:43	14:29	16:49	18:30
2026-01-07	06:34	08:27	12:44	14:30	16:50	18:31
2026-01-08	06:33	08:27	12:44	14:31	16:52	18:32
2026-01-09	06:33	08:26	12:45	14:32	16:53	18:33
2026-01-10	06:33	08:26	12:45	14:33	16:54	18:34
2026-01-11	06:33	08:25	12:45	14:34	16:56	18:35
2026-01-12	06:32	08:25	12:46	14:36	16:57	18:37
2026-01-13	06:32	08:24	12:46	14:37	16:59	18:38
2026-01-14	06:31	08:23	12:47	14:38	17:00	18:39
2026-01-15	06:31	08:22	12:47	14:39	17:02	18:40
2026-01-16	06:30	08:22	12:47	14:41	17:03	18:42
2026-01-17	06:30	08:21	12:48	14:42	17:05	18:43
2026-01-18	06:29	08:20	12:48	14:43	17:06	18:44
2026-01-19	06:28	08:19	12:48	14:44	17:08	18:45
2026-01-20	06:28	08:18	12:49	14:46	17:09	18:47
2026-01-21	06:27	08:17	12:49	14:47	17:11	18:48
2026-01-22	06:26	08:16	12:49	14:49	17:13	18:50
2026-01-23	06:25	08:15	12:49	14:50	17:14	18:51
2026-01-24	06:24	08:13	12:50	14:51	17:16	18:52
2026-01-25	06:23	08:12	12:50	14:53	17:18	18:54
2026-01-26	06:22	08:11	12:50	14:54	17:19	18:55
2026-01-27	06:21	08:10	12:50	14:55	17:21	18:57
2026-01-28	06:20	08:08	12:51	14:57	17:23	18:58
2026-01-29	06:19	08:07	12:51	14:58	17:25	19:00
2026-01-30	06:18	08:06	12:51	15:00	17:26	19:01
2026-01-31	06:17	08:04	12:51	15:01	17:28	19:03
2026-02-01	06:16	08:03	12:51	15:03	17:30	19:04
2026-02-02	06:14	08:01	12:51	15:04	17:32	19:06
2026-02-03	06:13	08:00	12:52	15:05	17:33	19:07
2026-02-04	06:12	07:58	12:52	15:07	17:35	19:09
2026-02-05	06:11	07:56	12:52	15:08	17:37	19:10
2026-02-06	06:09	07:55	12:52	15:10	17:39	19:12
2026-02-07	06:08	07:53	12:52	15:11	17:41	19:13
2026-02-08	06:06	07:51	12:52	15:12	17:42	19:15
2026-02-09	06:05	07:50	12:52	15:14	17:44	19:16
2026-02-10	06:03	07:48	12:52	15:15	17:46	19:18
2026-02-11	06:02	07:46	12:52	15:17	17:48	19:20
2026-02-12	06:00	07:44	12:52	15:18	17:49	19:21
2026-02-13	05:58	07:43	12:52	15:20	17:51	19:23
2026-02-14	05:57	07:41	12:52	15:21	17:53	19:24
2026-02-15	05:55	07:39	12:52	15:22	17:55	19:26
2026-02-16	05:53	07:37	12:52	15:24	17:57	19:28
2026-02-17	05:52	07:35	12:52	15:25	17:58	19:29
2026-02-18	05:50	07:33	12:52	15:26	18:00	19:31
2026-02-19	05:48	07:31	12:52	15:28	18:02	19:32
2026-02-20	05:46	07:29	12:52	15:29	18:04	19:34
2026-02-21	05:44	07:27	12:51	15:30	18:05	19:36
2026-02-22	05:42	07:25	12:51	15:32	18:07	19:37
2026-02-23	05:40	07:23	12:51	15:33	18:09	19:39
2026-02-24	05:39	07:21	12:51	15:34	18:11	19:41
2026-02-25	05:37	07:19	12:51	15:36	18:12	19:42
2026-02-26	05:35	07:17	12:51	15:37	18:14	19:44
2026-02-27	05:33	07:15	12:51	15:38	18:16	19:46
2026-02-28	05:30	07:13	12:50	15:39	18:18	19:47
2026-03-01	05:28	07:11	12:50	15:41	18:19	19:49
2026-03-02	05:26	07:09	12:50	15:42	18:21	19:51
2026-03-03	05:24	07:07	12:50	15:43	18:23	19:53
2026-03-04	05:22	07:05	12:50	15:44	18:25	19:54
2026-03-05	05:20	07:02	12:49	15:45	18:26	19:56
2026-03-06	05:18	07:00	12:49	15:47	18:28	19:58
2026-03-07	05:15	06:58	12:49	15:48	18:30	19:59
2026-03-08	05:13	06:56	12:49	15:49	18:31	20:01
2026-03-09	05:11	06:54	12:48	15:50	18:33	20:03
2026-03-10	05:08	06:51	12:48	15:51	18:35	20:05
2026-03-11	05:06	06:49	12:48	15:52	18:36	20:06
2026-03-12	05:04	06:47	12:48	15:53	18:38	20:08
2026-03-13	05:01	06:45	12:47	15:54	18:40	20:10
2026-03-14	04:59	06:43	12:47	15:56	18:42	20:12
2026-03-15	04:57	06:40	12:47	15:57	18:43	20:14
2026-03-16	04:54	06:38	12:47	15:58	18:45	20:15
2026-03-17	04:52	06:36	12:46	15:59	18:47	20:17
2026-03-18	04:49	06:34	12:46	16:00	18:48	20:19
2026-03-19	04:47	06:32	12:46	16:01	18:50	20:21
2026-03-20	04:44	06:29	12:45	16:02	18:51	20:23
2026-03-21	04:42	06:27	12:45	16:03	18:53	20:25
2026-03-22	04:39	06:25	12:45	16:04	18:55	20:26
2026-03-23	04:37	06:23	12:44	16:05	18:56	20:28
2026-03-24	04:34	06:20	12:44	16:06	18:58	20:30
2026-03-25	04:32	06:18	12:44	16:07	19:00	20:32
2026-03-26	04:29	06:16	12:44	16:08	19:01	20:34
2026-03-27	04:26	06:14	12:43	16:09	19:03	20:36
2026-03-28	04:24	06:11	12:43	16:09	19:05	20:38
2026-03-29	05:21	07:09	13:43	17:10	20:06	21:40
2026-03-30	05:18	07:07	13:42	17:11	20:08	21:42
2026-03-31	05:16	07:05	13:42	17:12	20:10	21:44
2026-04-01	05:13	07:02	13:42	17:13	20:11	21:46
2026-04-02	05:10	07:00	13:41	17:14	20:13	21:48
2026-04-03	05:07	06:58	13:41	17:15	20:14	21:50
2026-04-04	05:05	06:56	13:41	17:16	20:16	21:52
2026-04-05	05:02	06:54	13:41	17:16	20:18	21:54
2026-04-06	04:59	06:51	13:40	17:17	20:19	21:56
2026-04-07	04:56	06:49	13:40	17:18	20:21	21:59
2026-04-08	04:53	06:47	13:40	17:19	20:23	22:01
2026-04-09	04:50	06:45	13:39	17:20	20:24	22:03
2026-04-10	04:47	06:43	13:39	17:21	20:26	22:05
2026-04-11	04:45	06:40	13:39	17:21	20:27	22:07
2026-04-12	04:42	06:38	13:39	17:22	20:29	22:09
2026-04-13	04:39	06:36	13:38	17:23	20:31	22:12
2026-04-14	04:36	06:34	13:38	17:24	20:32	22:14
2026-04-15	04:33	06:32	13:38	17:24	20:34	22:16
2026-04-16	04:30	06:30	13:38	17:25	20:36	22:19
2026-04-17	04:27	06:28	13:37	17:26	20:37	22:21
2026-04-18	04:24	06:26	13:37	17:27	20:39	22:23
2026-04-19	04:21	06:23	13:37	17:27	20:40	22:26
2026-04-20	04:18	06:21	13:37	17:28	20:42	22:28
2026-04-21	04:15	06:19	13:37	17:29	20:44	22:30
2026-04-22	04:11	06:17	13:36	17:29	20:45	22:33
2026-04-23	04:08	06:15	13:36	17:30	20:47	22:35
2026-04-24	04:07	06:13	13:36	17:31	20:49	22:38
2026-04-25	04:06	06:11	13:36	17:32	20:50	22:40
2026-04-26	04:06	06:09	13:36	17:32	20:52	22:42
2026-04-27	04:05	06:08	13:35	17:33	20:53	22:43
2026-04-28	04:05	06:06	13:35	17:34	20:55	22:43
2026-04-29	04:04	06:04	13:35	17:34	20:57	22:44
2026-04-30	04:03	06:02	13:35	17:35	20:58	22:45
2026-05-01	04:03	06:00	13:35	17:36	21:00	22:45
2026-05-02	04:02	05:58	13:35	17:36	21:01	22:46
2026-05-03	04:01	05:56	13:35	17:37	21:03	22:47
2026-05-04	04:01	05:55	13:35	17:38	21:05	22:47
2026-05-05	04:00	05:53	13:35	17:38	21:06	22:48
2026-05-06	04:00	05:51	13:34	17:39	21:08	22:49
2026-05-07	03:59	05:49	13:34	17:39	21:09	22:49
2026-05-08	03:58	05:48	13:34	17:40	21:11	22:50
2026-05-09	03:58	05:46	13:34	17:41	21:12	22:51
2026-05-10	03:57	05:44	13:34	17:41	21:14	22:51
2026-05-11	03:56	05:43	13:34	17:42	21:16	22:52
2026-05-12	03:56	05:41	13:34	17:42	21:17	22:53
2026-05-13	03:55	05:40	13:34	17:43	21:19	22:53
2026-05-14	03:55	05:38	13:34	17:44	21:20	22:54
2026-05-15	03:54	05:37	13:34	17:44	21:22	22:55
2026-05-16	03:53	05:35	13:34	17:45	21:23	22:55
2026-05-17	03:53	05:34	13:34	17:45	21:24	22:56
2026-05-18	03:52	05:32	13:34	17:46	21:26	22:57
2026-05-19	03:51	05:31	13:34	17:46	21:27	22:57
2026-05-20	03:51	05:30	13:34	17:47	21:29	22:58
2026-05-21	03:50	05:29	13:34	17:47	21:30	22:59
2026-05-22	03:50	05:27	13:34	17:48	21:31	22:59
2026-05-23	03:49	05:26	13:34	17:49	21:33	23:00
2026-05-24	03:48	05:25	13:35	17:49	21:34	23:01
2026-05-25	03:48	05:24	13:35	17:50	21:35	23:01
2026-05-26	03:47	05:23	13:35	17:50	21:37	23:02
2026-05-27	03:46	05:22	13:35	17:51	21:38	23:03
2026-05-28	03:46	05:21	13:35	17:51	21:39	23:04
2026-05-29	03:45	05:20	13:35	17:52	21:40	23:04
2026-05-30	03:45	05:19	13:35	17:52	21:41	23:05
2026-05-31	03:45	05:18	13:35	17:53	21:43	23:06
2026-06-01	03:44	05:17	13:36	17:53	21:44	23:07
2026-06-02	03:44	05:17	13:36	17:53	21:45	23:07
2026-06-03	03:43	05:16	13:36	17:54	21:46	23:08
2026-06-04	03:43	05:15	13:36	17:54	21:47	23:09
2026-06-05	03:43	05:15	13:36	17:55	21:48	23:09
2026-06-06	03:43	05:14	13:36	17:55	21:49	23:10
2026-06-07	03:42	05:14	13:37	17:56	21:50	23:11
2026-06-08	03:42	05:13	13:37	17:56	21:50	23:11
2026-06-09	03:42	05:13	13:37	17:56	21:51	23:12
2026-06-10	03:42	05:12	13:37	17:57	21:52	23:12
2026-06-11	03:42	05:12	13:37	17:57	21:53	23:13
2026-06-12	03:42	05:12	13:38	17:57	21:53	23:13
2026-06-13	03:42	05:12	13:38	17:58	21:54	23:14
2026-06-14	03:42	05:11	13:38	17:58	21:55	23:14
2026-06-15	03:42	05:11	13:38	17:58	21:55	23:15
2026-06-16	03:42	05:11	13:38	17:59	21:56	23:15
2026-06-17	03:42	05:11	13:39	17:59	21:56	23:16
2026-06-18	03:42	05:11	13:39	17:59	21:56	23:16
2026-06-19	03:42	05:11	13:39	18:00	21:57	23:16
2026-06-20	03:42	05:11	13:39	18:00	21:57	23:17
2026-06-21	03:42	05:12	13:39	18:00	21:57	23:17
2026-06-22	03:43	05:12	13:40	18:00	21:58	23:17
2026-06-23	03:43	05:12	13:40	18:00	21:58	23:17
2026-06-24	03:43	05:12	13:40	18:01	21:58	23:17
2026-06-25	03:43	05:13	13:40	18:01	21:58	23:17
2026-06-26	03:44	05:13	13:41	18:01	21:58	23:17
2026-06-27	03:44	05:14	13:41	18:01	21:58	23:18
2026-06-28	03:44	05:14	13:41	18:01	21:58	23:18
2026-06-29	03:45	05:15	13:41	18:01	21:58	23:18
2026-06-30	03:45	05:15	13:41	18:01	21:57	23:18
2026-07-01	03:46	05:16	13:42	18:01	21:57	23:17
2026-07-02	03:46	05:17	13:42	18:01	21:57	23:17
2026-07-03	03:47	05:17	13:42	18:02	21:57	23:17
2026-07-04	03:47	05:18	13:42	18:02	21:56	23:17
2026-07-05	03:48	05:19	13:42	18:01	21:56	23:17
2026-07-06	03:48	05:20	13:42	18:01	21:55	23:17
2026-07-07	03:49	05:21	13:43	18:01	21:55	23:16
2026-07-08	03:50	05:22	13:43	18:01	21:54	23:16
2026-07-09	03:50	05:22	13:43	18:01	21:53	23:16
2026-07-10	03:51	05:23	13:43	18:01	21:53	23:15
2026-07-11	03:51	05:24	13:43	18:01	21:52	23:15
2026-07-12	03:52	05:26	13:43	18:01	21:51	23:14
2026-07-13	03:53	05:27	13:44	18:01	21:50	23:14
2026-07-14	03:53	05:28	13:44	18:00	21:50	23:13
2026-07-15	03:54	05:29	13:44	18:00	21:49	23:13
2026-07-16	03:55	05:30	13:44	18:00	21:48	23:12
2026-07-17	03:56	05:31	13:44	18:00	21:47	23:12
2026-07-18	03:56	05:32	13:44	17:59	21:46	23:11
2026-07-19	03:57	05:34	13:44	17:59	21:45	23:10
2026-07-20	03:57	05:35	13:44	17:59	21:43	23:10
2026-07-21	03:58	05:36	13:44	17:58	21:42	23:09
2026-07-22	03:59	05:37	13:44	17:58	21:41	23:08
2026-07-23	03:59	05:39	13:44	17:57	21:40	23:08
2026-07-24	04:00	05:40	13:44	17:57	21:38	23:07
2026-07-25	04:00	05:41	13:44	17:56	21:37	23:06
2026-07-26	04:01	05:43	13:44	17:56	21:36	23:06
2026-07-27	04:02	05:44	13:44	17:55	21:34	23:05
2026-07-28	04:02	05:46	13:44	17:55	21:33	23:04
2026-07-29	04:03	05:47	13:44	17:54	21:32	23:04
2026-07-30	04:03	05:48	13:44	17:54	21:30	23:03
2026-07-31	04:04	05:50	13:44	17:53	21:28	23:02
2026-08-01	04:04	05:51	13:44	17:52	21:27	23:02
2026-08-02	04:05	05:53	13:44	17:52	21:25	23:01
2026-08-03	04:06	05:54	13:44	17:51	21:24	23:00
2026-08-04	04:06	05:56	13:44	17:50	21:22	23:00
2026-08-05	04:07	05:57	13:44	17:50	21:20	22:59
2026-08-06	04:07	05:59	13:44	17:49	21:19	22:58
2026-08-07	04:08	06:00	13:44	17:48	21:17	22:58
2026-08-08	04:09	06:02	13:44	17:47	21:15	22:57
2026-08-09	04:09	06:03	13:43	17:46	21:13	22:56
2026-08-10	04:10	06:05	13:43	17:45	21:12	22:56
2026-08-11	04:10	06:06	13:43	17:44	21:10	22:55
2026-08-12	04:11	06:08	13:43	17:44	21:08	22:54
2026-08-13	04:12	06:09	13:43	17:43	21:06	22:54
2026-08-14	04:12	06:11	13:43	17:42	21:04	22:53
2026-08-15	04:13	06:13	13:42	17:41	21:02	22:52
2026-08-16	04:13	06:14	13:42	17:40	21:00	22:52
2026-08-17	04:14	06:16	13:42	17:39	20:58	22:49
2026-08-18	04:14	06:17	13:42	17:38	20:56	22:47
2026-08-19	04:15	06:19	13:42	17:36	20:54	22:44
2026-08-20	04:16	06:20	13:41	17:35	20:52	22:41
2026-08-21	04:16	06:22	13:41	17:34	20:50	22:38
2026-08-22	04:18	06:23	13:41	17:33	20:48	22:35
2026-08-23	04:21	06:25	13:41	17:32	20:46	22:32
2026-08-24	04:24	06:26	13:40	17:31	20:44	22:29
2026-08-25	04:26	06:28	13:40	17:30	20:42	22:26
2026-08-26	04:29	06:30	13:40	17:28	20:40	22:24
2026-08-27	04:31	06:31	13:39	17:27	20:38	22:21
2026-08-28	04:33	06:33	13:39	17:26	20:36	22:18
2026-08-29	04:36	06:34	13:39	17:25	20:33	22:15
2026-08-30	04:38	06:36	13:39	17:23	20:31	22:12
2026-08-31	04:41	06:37	13:38	17:22	20:29	22:10
2026-09-01	04:43	06:39	13:38	17:21	20:27	22:07
2026-09-02	04:45	06:40	13:38	17:19	20:25	22:04
2026-09-03	04:47	06:42	13:37	17:18	20:23	22:01
2026-09-04	04:50	06:44	13:37	17:16	20:20	21:59
2026-09-05	04:52	06:45	13:37	17:15	20:18	21:56
2026-09-06	04:54	06:47	13:36	17:14	20:16	21:53
2026-09-07	04:56	06:48	13:36	17:12	20:14	21:51
2026-09-08	04:58	06:50	13:36	17:11	20:12	21:48
2026-09-09	05:00	06:51	13:35	17:09	20:09	21:45
2026-09-10	05:02	06:53	13:35	17:08	20:07	21:42
2026-09-11	05:05	06:54	13:35	17:06	20:05	21:40
2026-09-12	05:07	06:56	13:34	17:05	20:03	21:37
2026-09-13	05:09	06:57	13:34	17:03	20:00	21:35
2026-09-14	05:11	06:59	13:34	17:02	19:58	21:32
2026-09-15	05:13	07:01	13:33	17:00	19:56	21:29
2026-09-16	05:15	07:02	13:33	16:59	19:53	21:27
2026-09-17	05:17	07:04	13:32	16:57	19:51	21:24
2026-09-18	05:18	07:05	13:32	16:56	19:49	21:22
2026-09-19	05:20	07:07	13:32	16:54	19:47	21:19
2026-09-20	05:22	07:08	13:31	16:52	19:44	21:17
2026-09-21	05:24	07:10	13:31	16:51	19:42	21:14
2026-09-22	05:26	07:11	13:31	16:49	19:40	21:11
2026-09-23	05:28	07:13	13:30	16:48	19:38	21:09
2026-09-24	05:30	07:15	13:30	16:46	19:35	21:07
2026-09-25	05:32	07:16	13:30	16:44	19:33	21:04
2026-09-26	05:33	07:18	13:29	16:43	19:31	21:02
2026-09-27	05:35	07:19	13:29	16:41	19:29	20:59
2026-09-28	05:37	07:21	13:29	16:39	19:26	20:57
2026-09-29	05:39	07:22	13:28	16:38	19:24	20:54
2026-09-30	05:41	07:24	13:28	16:36	19:22	20:52
2026-10-01	05:42	07:26	13:28	16:34	19:20	20:50
2026-10-02	05:44	07:27	13:27	16:33	19:17	20:47
2026-10-03	05:46	07:29	13:27	16:31	19:15	20:45
2026-10-04	05:47	07:30	13:27	16:29	19:13	20:43
2026-10-05	05:49	07:32	13:26	16:28	19:11	20:40
2026-10-06	05:51	07:34	13:26	16:26	19:08	20:38
2026-10-07	05:53	07:35	13:26	16:24	19:06	20:36
2026-10-08	05:54	07:37	13:25	16:23	19:04	20:34
2026-10-09	05:56	07:38	13:25	16:21	19:02	20:31
2026-10-10	05:58	07:40	13:25	16:19	19:00	20:29
2026-10-11	05:59	07:42	13:25	16:18	18:58	20:27
2026-10-12	06:01	07:43	13:24	16:16	18:55	20:25
2026-10-13	06:02	07:45	13:24	16:14	18:53	20:23
2026-10-14	06:04	07:47	13:24	16:13	18:51	20:21
2026-10-15	06:06	07:48	13:24	16:11	18:49	20:19
2026-10-16	06:07	07:50	13:23	16:09	18:47	20:17
2026-10-17	06:09	07:52	13:23	16:08	18:45	20:15
2026-10-18	06:11	07:53	13:23	16:06	18:43	20:13
2026-10-19	06:12	07:55	13:23	16:05	18:41	20:11
2026-10-20	06:14	07:57	13:23	16:03	18:39	20:09
2026-10-21	06:15	07:58	13:22	16:01	18:37	20:07
2026-10-22	06:17	08:00	13:22	16:00	18:35	20:05
2026-10-23	06:18	08:02	13:22	15:58	18:33	20:03
2026-10-24	06:20	08:03	13:22	15:57	18:31	20:01
2026-10-25	05:22	07:05	12:22	14:55	17:29	18:59
2026-10-26	05:23	07:07	12:22	14:54	17:27	18:58
2026-10-27	05:25	07:09	12:22	14:52	17:25	18:56
2026-10-28	05:26	07:10	12:22	14:51	17:23	18:54
2026-10-29	05:28	07:12	12:22	14:49	17:21	18:53
2026-10-30	05:29	07:14	12:21	14:48	17:19	18:51
2026-10-31	05:31	07:15	12:21	14:46	17:17	18:49
2026-11-01	05:32	07:17	12:21	14:45	17:16	18:48
2026-11-02	05:34	07:19	12:21	14:44	17:14	18:46
2026-11-03	05:35	07:21	12:21	14:42	17:12	18:45
2026-11-04	05:37	07:22	12:21	14:41	17:10	18:43
2026-11-05	05:38	07:24	12:21	14:40	17:09	18:42
2026-11-06	05:40	07:26	12:21	14:38	17:07	18:40
2026-11-07	05:41	07:27	12:21	14:37	17:05	18:39
2026-11-08	05:43	07:29	12:21	14:36	17:04	18:37
2026-11-09	05:44	07:31	12:22	14:34	17:02	18:36
2026-11-10	05:46	07:33	12:22	14:33	17:01	18:35
2026-11-11	05:47	07:34	12:22	14:32	16:59	18:34
2026-11-12	05:49	07:36	12:22	14:31	16:58	18:32
2026-11-13	05:50	07:38	12:22	14:30	16:56	18:31
2026-11-14	05:51	07:39	12:22	14:29	16:55	18:30
2026-11-15	05:53	07:41	12:22	14:28	16:53	18:29
2026-11-16	05:54	07:43	12:22	14:27	16:52	18:28
2026-11-17	05:56	07:44	12:23	14:26	16:51	18:27
2026-11-18	05:57	07:46	12:23	14:25	16:50	18:26
2026-11-19	05:58	07:48	12:23	14:24	16:48	18:25
2026-11-20	06:00	07:49	12:23	14:23	16:47	18:24
2026-11-21	06:01	07:51	12:23	14:22	16:46	18:23
2026-11-22	06:02	07:52	12:24	14:21	16:45	18:22
2026-11-23	06:04	07:54	12:24	14:21	16:44	18:21
2026-11-24	06:05	07:56	12:24	14:20	16:43	18:21
2026-11-25	06:06	07:57	12:25	14:19	16:42	18:20
2026-11-26	06:07	07:59	12:25	14:18	16:41	18:19
2026-11-27	06:09	08:00	12:25	14:18	16:40	18:19
2026-11-28	06:10	08:02	12:26	14:17	16:39	18:18
2026-11-29	06:11	08:03	12:26	14:17	16:39	18:18
2026-11-30	06:12	08:04	12:26	14:16	16:38	18:17
2026-12-01	06:13	08:06	12:27	14:16	16:37	18:17
2026-12-02	06:14	08:07	12:27	14:15	16:37	18:16
2026-12-03	06:16	08:09	12:27	14:15	16:36	18:16
2026-12-04	06:17	08:10	12:28	14:15	16:36	18:16
2026-12-05	06:18	08:11	12:28	14:15	16:35	18:16
2026-12-06	06:19	08:12	12:29	14:14	16:35	18:15
2026-12-07	06:20	08:14	12:29	14:14	16:34	18:15
2026-12-08	06:21	08:15	12:29	14:14	16:34	18:15
2026-12-09	06:22	08:16	12:30	14:14	16:34	18:15
2026-12-10	06:23	08:17	12:30	14:14	16:34	18:15
2026-12-11	06:23	08:18	12:31	14:14	16:34	18:15
2026-12-12	06:24	08:19	12:31	14:14	16:34	18:15
2026-12-13	06:25	08:20	12:32	14:14	16:33	18:15
2026-12-14	06:26	08:21	12:32	14:14	16:34	18:15
2026-12-15	06:27	08:22	12:33	14:14	16:34	18:15
2026-12-16	06:27	08:22	12:33	14:14	16:34	18:16
2026-12-17	06:28	08:23	12:34	14:15	16:34	18:16
2026-12-18	06:29	08:24	12:34	14:15	16:34	18:16
2026-12-19	06:29	08:25	12:35	14:15	16:35	18:17
2026-12-20	06:30	08:25	12:35	14:16	16:35	18:17
2026-12-21	06:30	08:26	12:36	14:16	16:35	18:17
2026-12-22	06:31	08:26	12:36	14:17	16:36	18:18
2026-12-23	06:31	08:27	12:37	14:17	16:36	18:18
2026-12-24	06:32	08:27	12:37	14:18	16:37	18:19
2026-12-25	06:32	08:28	12:38	14:18	16:38	18:20
2026-12-26	06:33	08:28	12:38	14:19	16:38	18:20
2026-12-27	06:33	08:28	12:39	14:20	16:39	18:21
2026-12-28	06:33	08:28	12:39	14:20	16:40	18:22
2026-12-29	06:33	08:28	12:40	14:21	16:41	18:22
2026-12-30	06:34	08:29	12:40	14:22	16:42	18:23
2026-12-31	06:34	08:29	12:41	14:23	16:42	18:24
2027-01-01	06:34	08:29	12:41	14:24	16:43	18:25
2027-01-02	06:34	08:28	12:41	14:25	16:44	18:26
2027-01-03	06:34	08:28	12:42	14:26	16:46	18:27
2027-01-04	06:34	08:28	12:42	14:27	16:47	18:28
2027-01-05	06:34	08:28	12:43	14:28	16:48	18:29
2027-01-06	06:34	08:28	12:43	14:29	16:49	18:30
2027-01-07	06:34	08:27	12:44	14:30	16:50	18:31
2027-01-08	06:33	08:27	12:44	14:31	16:51	18:32
2027-01-09	06:33	08:26	12:45	14:32	16:53	18:33
2027-01-10	06:33	08:26	12:45	14:33	16:54	18:34
2027-01-11	06:33	08:25	12:45	14:34	16:55	18:35
2027-01-12	06:32	08:25	12:46	14:35	16:57	18:36
2027-01-13	06:32	08:24	12:46	14:36	16:58	18:37
2027-01-14	06:31	08:23	12:47	14:38	17:00	18:39
2027-01-15	06:31	08:23	12:47	14:39	17:01	18:40
2027-01-16	06:30	08:22	12:47	14:40	17:03	18:41
2027-01-17	06:30	08:21	12:48	14:42	17:04	18:42
2027-01-18	06:29	08:20	12:48	14:43	17:06	18:44
2027-01-19	06:28	08:19	12:48	14:44	17:07	18:45
2027-01-20	06:28	08:18	12:49	14:45	17:09	18:46
2027-01-21	06:27	08:17	12:49	14:47	17:11	18:48
2027-01-22	06:26	08:16	12:49	14:48	17:12	18:49
2027-01-23	06:25	08:15	12:49	14:50	17:14	18:51
2027-01-24	06:24	08:14	12:50	14:51	17:16	18:52
2027-01-25	06:24	08:12	12:50	14:52	17:17	18:53
2027-01-26	06:23	08:11	12:50	14:54	17:19	18:55
2027-01-27	06:22	08:10	12:50	14:55	17:21	18:56
2027-01-28	06:21	08:09	12:51	14:57	17:22	18:58
2027-01-29	06:19	08:07	12:51	14:58	17:24	18:59
2027-01-30	06:18	08:06	12:51	14:59	17:26	19:01
2027-01-31	06:17	08:04	12:51	15:01	17:28	19:02
2027-02-01	06:16	08:03	12:51	15:02	17:29	19:04
2027-02-02	06:15	08:02	12:51	15:04	17:31	19:05
2027-02-03	06:13	08:00	12:51	15:05	17:33	19:07
2027-02-04	06:12	07:58	12:52	15:06	17:35	19:08
2027-02-05	06:11	07:57	12:52	15:08	17:37	19:10
2027-02-06	06:09	07:55	12:52	15:09	17:38	19:11
2027-02-07	06:08	07:54	12:52	15:11	17:40	19:13
2027-02-08	06:07	07:52	12:52	15:12	17:42	19:14
2027-02-09	06:05	07:50	12:52	15:14	17:44	19:16
2027-02-10	06:04	07:48	12:52	15:15	17:45	19:18
2027-02-11	06:02	07:47	12:52	15:16	17:47	19:19
2027-02-12	06:00	07:45	12:52	15:18	17:49	19:21
2027-02-13	05:59	07:43	12:52	15:19	17:51	19:22
2027-02-14	05:57	07:41	12:52	15:21	17:53	19:24
2027-02-15	05:56	07:39	12:52	15:22	17:54	19:26
2027-02-16	05:54	07:38	12:52	15:23	17:56	19:27
2027-02-17	05:52	07:36	12:52	15:25	17:58	19:29
2027-02-18	05:50	07:34	12:52	15:26	18:00	19:30
2027-02-19	05:48	07:32	12:52	15:27	18:02	19:32
2027-02-20	05:47	07:30	12:52	15:29	18:03	19:34
2027-02-21	05:45	07:28	12:51	15:30	18:05	19:35
2027-02-22	05:43	07:26	12:51	15:31	18:07	19:37
2027-02-23	05:41	07:24	12:51	15:33	18:09	19:39
2027-02-24	05:39	07:22	12:51	15:34	18:10	19:40
2027-02-25	05:37	07:20	12:51	15:35	18:12	19:42
2027-02-26	05:35	07:18	12:51	15:37	18:14	19:44
2027-02-27	05:33	07:16	12:51	15:38	18:16	19:45
2027-02-28	05:31	07:14	12:50	15:39	18:17	19:47
2027-03-01	05:29	07:11	12:50	15:40	18:19	19:49
2027-03-02	05:27	07:09	12:50	15:42	18:21	19:50
2027-03-03	05:25	07:07	12:50	15:43	18:22	19:52
2027-03-04	05:22	07:05	12:50	15:44	18:24	19:54
2027-03-05	05:20	07:03	12:49	15:45	18:26	19:56
2027-03-06	05:18	07:01	12:49	15:46	18:28	19:57
2027-03-07	05:16	06:59	12:49	15:47	18:29	19:59
2027-03-08	05:14	06:56	12:49	15:49	18:31	20:01
2027-03-09	05:11	06:54	12:48	15:50	18:33	20:02
2027-03-10	05:09	06:52	12:48	15:51	18:34	20:04
2027-03-11	05:07	06:50	12:48	15:52	18:36	20:06
2027-03-12	05:04	06:48	12:48	15:53	18:38	20:08
2027-03-13	05:02	06:45	12:47	15:54	18:39	20:10
2027-03-14	05:00	06:43	12:47	15:55	18:41	20:11
2027-03-15	04:57	06:41	12:47	15:56	18:43	20:13
2027-03-16	04:55	06:39	12:47	15:57	18:44	20:15
2027-03-17	04:52	06:37	12:46	15:58	18:46	20:17
2027-03-18	04:50	06:34	12:46	16:00	18:48	20:19
2027-03-19	04:47	06:32	12:46	16:01	18:49	20:20
2027-03-20	04:45	06:30	12:45	16:02	18:51	20:22
2027-03-21	04:42	06:28	12:45	16:03	18:53	20:24
2027-03-22	04:40	06:25	12:45	16:04	18:54	20:26
2027-03-23	04:37	06:23	12:45	16:05	18:56	20:28
2027-03-24	04:35	06:21	12:44	16:05	18:58	20:30
2027-03-25	04:32	06:19	12:44	16:06	18:59	20:32
2027-03-26	04:30	06:16	12:44	16:07	19:01	20:34
2027-03-27	04:27	06:14	12:43	16:08	19:03	20:36
2027-03-28	05:24	07:12	13:43	17:09	20:04	21:38
2027-03-29	05:22	07:10	13:43	17:10	20:06	21:40
2027-03-30	05:19	07:07	13:42	17:11	20:07	21:42
2027-03-31	05:16	07:05	13:42	17:12	20:09	21:44
2027-04-01	05:13	07:03	13:42	17:13	20:11	21:46
2027-04-02	05:11	07:01	13:42	17:14	20:12	21:48
2027-04-03	05:08	06:58	13:41	17:15	20:14	21:50
2027-04-04	05:05	06:56	13:41	17:15	20:16	21:52
2027-04-05	05:02	06:54	13:41	17:16	20:17	21:54
2027-04-06	05:00	06:52	13:40	17:17	20:19	21:56
2027-04-07	04:57	06:50	13:40	17:18	20:21	21:58
2027-04-08	04:54	06:47	13:40	17:19	20:22	22:00
2027-04-09	04:51	06:45	13:40	17:20	20:24	22:02
2027-04-10	04:48	06:43	13:39	17:20	20:25	22:04
2027-04-11	04:45	06:41	13:39	17:21	20:27	22:07
2027-04-12	04:42	06:39	13:39	17:22	20:29	22:09
2027-04-13	04:39	06:37	13:38	17:23	20:30	22:11
2027-04-14	04:36	06:34	13:38	17:23	20:32	22:13
2027-04-15	04:34	06:32	13:38	17:24	20:34	22:16
2027-04-16	04:31	06:30	13:38	17:25	20:35	22:18
2027-04-17	04:28	06:28	13:38	17:26	20:37	22:20
2027-04-18	04:24	06:26	13:37	17:26	20:38	22:23
2027-04-19	04:21	06:24	13:37	17:27	20:40	22:25
2027-04-20	04:18	06:22	13:37	17:28	20:42	22:27
2027-04-21	04:15	06:20	13:37	17:29	20:43	22:30
2027-04-22	04:12	06:18	13:36	17:29	20:45	22:32
2027-04-23	04:11	06:16	13:36	17:30	20:47	22:35
2027-04-24	04:10	06:14	13:36	17:31	20:48	22:37
2027-04-25	04:10	06:12	13:36	17:31	20:50	22:39
2027-04-26	04:09	06:10	13:36	17:32	20:51	22:39
2027-04-27	04:09	06:08	13:36	17:33	20:53	22:40
2027-04-28	04:08	06:06	13:35	17:33	20:55	22:40
2027-04-29	04:07	06:04	13:35	17:34	20:56	22:41
2027-04-30	04:07	06:02	13:35	17:35	20:58	22:42
2027-05-01	04:06	06:00	13:35	17:35	21:00	22:42
2027-05-02	04:06	05:59	13:35	17:36	21:01	22:43
2027-05-03	04:05	05:57	13:35	17:37	21:03	22:44
2027-05-04	04:05	05:55	13:35	17:37	21:04	22:44
2027-05-05	04:04	05:53	13:35	17:38	21:06	22:45
2027-05-06	04:03	05:51	13:34	17:39	21:07	22:45
2027-05-07	04:03	05:50	13:34	17:39	21:09	22:46
2027-05-08	04:02	05:48	13:34	17:40	21:11	22:47
2027-05-09	04:02	05:46	13:34	17:40	21:12	22:47
2027-05-10	04:01	05:45	13:34	17:41	21:14	22:48
2027-05-11	04:00	05:43	13:34	17:42	21:15	22:49
2027-05-12	04:00	05:42	13:34	17:42	21:17	22:49
2027-05-13	03:59	05:40	13:34	17:43	21:18	22:50
2027-05-14	03:59	05:39	13:34	17:43	21:20	22:50
2027-05-15	03:58	05:37	13:34	17:44	21:21	22:51
2027-05-16	03:57	05:36	13:34	17:45	21:23	22:52
2027-05-17	03:57	05:34	13:34	17:45	21:24	22:52
2027-05-18	03:56	05:33	13:34	17:46	21:26	22:53
2027-05-19	03:56	05:31	13:34	17:46	21:27	22:54
2027-05-20	03:55	05:30	13:34	17:47	21:28	22:54
2027-05-21	03:55	05:29	13:34	17:47	21:30	22:55
2027-05-22	03:54	05:28	13:34	17:48	21:31	22:55
2027-05-23	03:53	05:26	13:34	17:48	21:32	22:56
2027-05-24	03:53	05:25	13:35	17:49	21:34	22:57
2027-05-25	03:52	05:24	13:35	17:49	21:35	22:57
2027-05-26	03:52	05:23	13:35	17:50	21:36	22:58
2027-05-27	03:51	05:22	13:35	17:50	21:38	22:59
2027-05-28	03:50	05:21	13:35	17:51	21:39	22:59
2027-05-29	03:50	05:20	13:35	17:51	21:40	23:00
2027-05-30	03:49	05:19	13:35	17:52	21:41	23:01
2027-05-31	03:49	05:18	13:35	17:52	21:42	23:02
2027-06-01	03:49	05:18	13:36	17:53	21:43	23:03
2027-06-02	03:48	05:17	13:36	17:53	21:44	23:03
2027-06-03	03:48	05:16	13:36	17:54	21:46	23:04
2027-06-04	03:47	05:15	13:36	17:54	21:47	23:05
2027-06-05	03:47	05:15	13:36	17:55	21:47	23:05
2027-06-06	03:47	05:14	13:36	17:55	21:48	23:06
2027-06-07	03:47	05:14	13:37	17:55	21:49	23:07
2027-06-08	03:46	05:13	13:37	17:56	21:50	23:07
2027-06-09	03:46	05:13	13:37	17:56	21:51	23:08
2027-06-10	03:46	05:12	13:37	17:57	21:52	23:09
2027-06-11	03:46	05:12	13:37	17:57	21:52	23:09
2027-06-12	03:46	05:12	13:38	17:57	21:53	23:10
2027-06-13	03:46	05:12	13:38	17:58	21:54	23:10
2027-06-14	03:46	05:11	13:38	17:58	21:54	23:11
2027-06-15	03:46	05:11	13:38	17:58	21:55	23:11
2027-06-16	03:46	05:11	13:38	17:59	21:55	23:11
2027-06-17	03:46	05:11	13:39	17:59	21:56	23:12
2027-06-18	03:46	05:11	13:39	17:59	21:56	23:12
2027-06-19	03:46	05:11	13:39	18:00	21:57	23:13
2027-06-20	03:46	05:11	13:39	18:00	21:57	23:13
2027-06-21	03:46	05:12	13:39	18:00	21:57	23:13
2027-06-22	03:47	05:12	13:40	18:00	21:58	23:13
2027-06-23	03:47	05:12	13:40	18:00	21:58	23:13
2027-06-24	03:47	05:12	13:40	18:01	21:58	23:14
2027-06-25	03:47	05:13	13:40	18:01	21:58	23:14
2027-06-26	03:48	05:13	13:41	18:01	21:58	23:14
2027-06-27	03:48	05:14	13:41	18:01	21:58	23:14
2027-06-28	03:48	05:14	13:41	18:01	21:58	23:14
2027-06-29	03:49	05:15	13:41	18:01	21:58	23:14
2027-06-30	03:49	05:15	13:41	18:01	21:58	23:14
2027-07-01	03:50	05:16	13:42	18:01	21:57	23:14
2027-07-02	03:50	05:16	13:42	18:01	21:57	23:14
2027-07-03	03:51	05:17	13:42	18:02	21:57	23:13
2027-07-04	03:51	05:18	13:42	18:02	21:56	23:13
2027-07-05	03:52	05:19	13:42	18:01	21:56	23:13
2027-07-06	03:52	05:20	13:42	18:01	21:55	23:13
2027-07-07	03:53	05:20	13:43	18:01	21:55	23:13
2027-07-08	03:54	05:21	13:43	18:01	21:54	23:12
2027-07-09	03:54	05:22	13:43	18:01	21:54	23:12
2027-07-10	03:55	05:23	13:43	18:01	21:53	23:11
2027-07-11	03:56	05:24	13:43	18:01	21:52	23:11
2027-07-12	03:56	05:25	13:43	18:01	21:51	23:11
2027-07-13	03:57	05:26	13:43	18:01	21:51	23:10
2027-07-14	03:58	05:27	13:44	18:00	21:50	23:10
2027-07-15	03:58	05:29	13:44	18:00	21:49	23:09
2027-07-16	03:59	05:30	13:44	18:00	21:48	23:08
2027-07-17	04:00	05:31	13:44	18:00	21:47	23:08
2027-07-18	04:01	05:32	13:44	17:59	21:46	23:07
2027-07-19	04:01	05:33	13:44	17:59	21:45	23:07
2027-07-20	04:02	05:35	13:44	17:59	21:44	23:06
2027-07-21	04:02	05:36	13:44	17:58	21:43	23:05
2027-07-22	04:03	05:37	13:44	17:58	21:41	23:05
2027-07-23	04:03	05:38	13:44	17:57	21:40	23:04
2027-07-24	04:04	05:40	13:44	17:57	21:39	23:03
2027-07-25	04:05	05:41	13:44	17:57	21:37	23:03
2027-07-26	04:05	05:43	13:44	17:56	21:36	23:02
2027-07-27	04:06	05:44	13:44	17:56	21:35	23:01
2027-07-28	04:06	05:45	13:44	17:55	21:33	23:01
2027-07-29	04:07	05:47	13:44	17:54	21:32	23:00
2027-07-30	04:07	05:48	13:44	17:54	21:30	22:59
2027-07-31	04:08	05:50	13:44	17:53	21:29	22:59
2027-08-01	04:08	05:51	13:44	17:53	21:27	22:58
2027-08-02	04:09	05:53	13:44	17:52	21:26	22:58
2027-08-03	04:10	05:54	13:44	17:51	21:24	22:57
2027-08-04	04:10	05:55	13:44	17:50	21:22	22:56
2027-08-05	04:11	05:57	13:44	17:50	21:21	22:56
2027-08-06	04:11	05:58	13:44	17:49	21:19	22:55
2027-08-07	04:12	06:00	13:44	17:48	21:17	22:54
2027-08-08	04:12	06:01	13:44	17:47	21:16	22:54
2027-08-09	04:13	06:03	13:43	17:46	21:14	22:53
2027-08-10	04:13	06:04	13:43	17:46	21:12	22:52
2027-08-11	04:14	06:06	13:43	17:45	21:10	22:52
2027-08-12	04:15	06:08	13:43	17:44	21:08	22:51
2027-08-13	04:15	06:09	13:43	17:43	21:06	22:50
2027-08-14	04:16	06:11	13:43	17:42	21:05	22:50
2027-08-15	04:16	06:12	13:42	17:41	21:03	22:49
2027-08-16	04:17	06:14	13:42	17:40	21:01	22:48
2027-08-17	04:17	06:15	13:42	17:39	20:59	22:48
2027-08-18	04:18	06:17	13:42	17:38	20:57	22:47
2027-08-19	04:18	06:18	13:42	17:37	20:55	22:44
2027-08-20	04:19	06:20	13:41	17:36	20:53	22:41
2027-08-21	04:20	06:21	13:41	17:35	20:51	22:39
2027-08-22	04:20	06:23	13:41	17:33	20:49	22:36
2027-08-23	04:21	06:25	13:41	17:32	20:47	22:33
2027-08-24	04:23	06:26	13:40	17:31	20:45	22:30
2027-08-25	04:25	06:28	13:40	17:30	20:42	22:27
2027-08-26	04:28	06:29	13:40	17:29	20:40	22:24
2027-08-27	04:30	06:31	13:40	17:27	20:38	22:22
2027-08-28	04:33	06:32	13:39	17:26	20:36	22:19
2027-08-29	04:35	06:34	13:39	17:25	20:34	22:16
2027-08-30	04:38	06:35	13:39	17:24	20:32	22:13
2027-08-31	04:40	06:37	13:38	17:22	20:30	22:10
2027-09-01	04:42	06:38	13:38	17:21	20:28	22:08
2027-09-02	04:45	06:40	13:38	17:20	20:25	22:05
2027-09-03	04:47	06:42	13:37	17:18	20:23	22:02
2027-09-04	04:49	06:43	13:37	17:17	20:21	21:59
2027-09-05	04:51	06:45	13:37	17:15	20:19	21:57
2027-09-06	04:53	06:46	13:36	17:14	20:17	21:54
2027-09-07	04:56	06:48	13:36	17:13	20:14	21:51
2027-09-08	04:58	06:49	13:36	17:11	20:12	21:48
2027-09-09	05:00	06:51	13:35	17:10	20:10	21:46
2027-09-10	05:02	06:52	13:35	17:08	20:08	21:43
2027-09-11	05:04	06:54	13:35	17:07	20:05	21:40
2027-09-12	05:06	06:56	13:34	17:05	20:03	21:38
2027-09-13	05:08	06:57	13:34	17:04	20:01	21:35
2027-09-14	05:10	06:59	13:34	17:02	19:59	21:33
2027-09-15	05:12	07:00	13:33	17:01	19:56	21:30
2027-09-16	05:14	07:02	13:33	16:59	19:54	21:27
2027-09-17	05:16	07:03	13:33	16:58	19:52	21:25
2027-09-18	05:18	07:05	13:32	16:56	19:49	21:22
2027-09-19	05:20	07:06	13:32	16:54	19:47	21:20
2027-09-20	05:22	07:08	13:31	16:53	19:45	21:17
2027-09-21	05:24	07:10	13:31	16:51	19:43	21:15
2027-09-22	05:26	07:11	13:31	16:50	19:40	21:12
2027-09-23	05:27	07:13	13:30	16:48	19:38	21:10
2027-09-24	05:29	07:14	13:30	16:46	19:36	21:07
2027-09-25	05:31	07:16	13:30	16:45	19:34	21:05
2027-09-26	05:33	07:17	13:29	16:43	19:31	21:02
2027-09-27	05:35	07:19	13:29	16:41	19:29	21:00
2027-09-28	05:37	07:20	13:29	16:40	19:27	20:57
2027-09-29	05:38	07:22	13:28	16:38	19:25	20:55
2027-09-30	05:40	07:24	13:28	16:36	19:22	20:53
2027-10-01	05:42	07:25	13:28	16:35	19:20	20:50
2027-10-02	05:44	07:27	13:27	16:33	19:18	20:48
2027-10-03	05:45	07:28	13:27	16:31	19:16	20:46
2027-10-04	05:47	07:30	13:27	16:30	19:13	20:43
2027-10-05	05:49	07:32	13:26	16:28	19:11	20:41
2027-10-06	05:50	07:33	13:26	16:26	19:09	20:39
2027-10-07	05:52	07:35	13:26	16:25	19:07	20:36
2027-10-08	05:54	07:36	13:26	16:23	19:05	20:34
2027-10-09	05:55	07:38	13:25	16:21	19:02	20:32
2027-10-10	05:57	07:40	13:25	16:20	19:00	20:30
2027-10-11	05:59	07:41	13:25	16:18	18:58	20:28
2027-10-12	06:00	07:43	13:24	16:16	18:56	20:26
2027-10-13	06:02	07:45	13:24	16:15	18:54	20:23
2027-10-14	06:04	07:46	13:24	16:13	18:52	20:21
2027-10-15	06:05	07:48	13:24	16:12	18:49	20:19
2027-10-16	06:07	07:50	13:23	16:10	18:47	20:17
2027-10-17	06:09	07:51	13:23	16:08	18:45	20:15
2027-10-18	06:10	07:53	13:23	16:07	18:43	20:13
2027-10-19	06:12	07:55	13:23	16:05	18:41	20:11
2027-10-20	06:13	07:56	13:23	16:03	18:39	20:09
2027-10-21	06:15	07:58	13:23	16:02	18:37	20:07
2027-10-22	06:17	08:00	13:22	16:00	18:35	20:05
2027-10-23	06:18	08:01	13:22	15:59	18:33	20:04
2027-10-24	06:20	08:03	13:22	15:57	18:31	20:02
2027-10-25	06:21	08:05	13:22	15:56	18:29	20:00
2027-10-26	06:23	08:06	13:22	15:54	18:27	19:58
2027-10-27	06:24	08:08	13:22	15:53	18:25	19:56
2027-10-28	06:26	08:10	13:22	15:51	18:23	19:55
2027-10-29	06:27	08:12	13:22	15:50	18:22	19:53
2027-10-30	06:29	08:13	13:21	15:48	18:20	19:51
2027-10-31	05:30	07:15	12:21	14:47	17:18	18:50
2027-11-01	05:32	07:17	12:21	14:45	17:16	18:48
2027-11-02	05:34	07:18	12:21	14:44	17:14	18:46
2027-11-03	05:35	07:20	12:21	14:43	17:13	18:45
2027-11-04	05:37	07:22	12:21	14:41	17:11	18:43
2027-11-05	05:38	07:24	12:21	14:40	17:09	18:42
2027-11-06	05:40	07:25	12:21	14:39	17:07	18:40
2027-11-07	05:41	07:27	12:21	14:37	17:06	18:39
2027-11-08	05:42	07:29	12:21	14:36	17:04	18:38
2027-11-09	05:44	07:30	12:22	14:35	17:03	18:36
2027-11-10	05:45	07:32	12:22	14:34	17:01	18:35
2027-11-11	05:47	07:34	12:22	14:32	17:00	18:34
2027-11-12	05:48	07:36	12:22	14:31	16:58	18:33
2027-11-13	05:50	07:37	12:22	14:30	16:57	18:31
2027-11-14	05:51	07:39	12:22	14:29	16:55	18:30
2027-11-15	05:52	07:41	12:22	14:28	16:54	18:29
2027-11-16	05:54	07:42	12:22	14:27	16:52	18:28
2027-11-17	05:55	07:44	12:23	14:26	16:51	18:27
2027-11-18	05:57	07:46	12:23	14:25	16:50	18:26
2027-11-19	05:58	07:47	12:23	14:24	16:49	18:25
2027-11-20	05:59	07:49	12:23	14:23	16:48	18:24
2027-11-21	06:01	07:51	12:23	14:22	16:46	18:23
2027-11-22	06:02	07:52	12:24	14:21	16:45	18:22
2027-11-23	06:03	07:54	12:24	14:21	16:44	18:22
2027-11-24	06:05	07:55	12:24	14:20	16:43	18:21
2027-11-25	06:06	07:57	12:25	14:19	16:42	18:20
2027-11-26	06:07	07:58	12:25	14:19	16:41	18:20
2027-11-27	06:08	08:00	12:25	14:18	16:40	18:19
2027-11-28	06:10	08:01	12:25	14:17	16:40	18:18
2027-11-29	06:11	08:03	12:26	14:17	16:39	18:18
2027-11-30	06:12	08:04	12:26	14:16	16:38	18:17
2027-12-01	06:13	08:06	12:27	14:16	16:37	18:17
2027-12-02	06:14	08:07	12:27	14:16	16:37	18:17
2027-12-03	06:15	08:08	12:27	14:15	16:36	18:16
2027-12-04	06:16	08:10	12:28	14:15	16:36	18:16
2027-12-05	06:17	08:11	12:28	14:15	16:35	18:16
2027-12-06	06:18	08:12	12:28	14:14	16:35	18:15
2027-12-07	06:19	08:13	12:29	14:14	16:35	18:15
2027-12-08	06:20	08:14	12:29	14:14	16:34	18:15
2027-12-09	06:21	08:16	12:30	14:14	16:34	18:15
2027-12-10	06:22	08:17	12:30	14:14	16:34	18:15
2027-12-11	06:23	08:18	12:31	14:14	16:34	18:15
2027-12-12	06:24	08:19	12:31	14:14	16:34	18:15
2027-12-13	06:25	08:20	12:32	14:14	16:33	18:15
2027-12-14	06:26	08:21	12:32	14:14	16:34	18:15
2027-12-15	06:26	08:21	12:33	14:14	16:34	18:15
2027-12-16	06:27	08:22	12:33	14:14	16:34	18:16
2027-12-17	06:28	08:23	12:33	14:15	16:34	18:16
2027-12-18	06:29	08:24	12:34	14:15	16:34	18:16
2027-12-19	06:29	08:24	12:34	14:15	16:34	18:17
2027-12-20	06:30	08:25	12:35	14:16	16:35	18:17
2027-12-21	06:30	08:26	12:35	14:16	16:35	18:17
2027-12-22	06:31	08:26	12:36	14:17	16:36	18:18
2027-12-23	06:31	08:27	12:36	14:17	16:36	18:18
2027-12-24	06:32	08:27	12:37	14:18	16:37	18:19
2027-12-25	06:32	08:27	12:37	14:18	16:37	18:20
2027-12-26	06:33	08:28	12:38	14:19	16:38	18:20
2027-12-27	06:33	08:28	12:38	14:20	16:39	18:21
2027-12-28	06:33	08:28	12:39	14:20	16:40	18:22
2027-12-29	06:33	08:28	12:39	14:21	16:40	18:22
2027-12-30	06:34	08:29	12:40	14:22	16:41	18:23
2027-12-31	06:34	08:29	12:40	14:23	16:42	18:24
