2026-01-01	06:17	08:04	12:29	14:25	16:45	18:19
2026-01-02	06:17	08:04	12:30	14:26	16:46	18:20
2026-01-03	06:18	08:03	12:30	14:27	16:47	18:21
2026-01-04	06:18	08:03	12:31	14:27	16:48	18:22
2026-01-05	06:18	08:03	12:31	14:28	16:49	18:23
2026-01-06	06:17	08:03	12:32	14:29	16:50	18:23
2026-01-07	06:17	08:03	12:32	14:30	16:51	18:24
2026-01-08	06:17	08:02	12:33	14:31	16:53	18:25
2026-01-09	06:17	08:02	12:33	14:32	16:54	18:26
2026-01-10	06:17	08:02	12:33	14:34	16:55	18:28
2026-01-11	06:17	08:01	12:34	14:35	16:56	18:29
2026-01-12	06:16	08:01	12:34	14:36	16:58	18:30
2026-01-13	06:16	08:00	12:35	14:37	16:59	18:31
2026-01-14	06:16	08:00	12:35	14:38	17:00	18:32
2026-01-15	06:15	07:59	12:35	14:39	17:02	18:33
2026-01-16	06:15	07:58	12:36	14:40	17:03	18:34
2026-01-17	06:14	07:58	12:36	14:42	17:04	18:35
2026-01-18	06:14	07:57	12:36	14:43	17:06	18:37
2026-01-19	06:13	07:56	12:37	14:44	17:07	18:38
2026-01-20	06:12	07:55	12:37	14:45	17:09	18:39
2026-01-21	06:12	07:54	12:37	14:46	17:10	18:40
2026-01-22	06:11	07:53	12:37	14:48	17:12	18:42
2026-01-23	06:10	07:52	12:38	14:49	17:13	18:43
2026-01-24	06:10	07:51	12:38	14:50	17:15	18:44
2026-01-25	06:09	07:50	12:38	14:51	17:16	18:45
2026-01-26	06:08	07:49	12:38	14:53	17:18	18:47
2026-01-27	06:07	07:48	12:39	14:54	17:19	18:48
2026-01-28	06:06	07:47	12:39	14:55	17:21	18:49
2026-01-29	06:05	07:46	12:39	14:57	17:22	18:51
2026-01-30	06:04	07:45	12:39	14:58	17:24	18:52
2026-01-31	06:03	07:43	12:39	14:59	17:25	18:53
2026-02-01	06:02	07:42	12:40	15:00	17:27	18:55
2026-02-02	06:01	07:41	12:40	15:02	17:29	18:56
2026-02-03	06:00	07:39	12:40	15:03	17:30	18:58
2026-02-04	05:59	07:38	12:40	15:04	17:32	18:59
2026-02-05	05:58	07:37	12:40	15:06	17:33	19:00
2026-02-06	05:56	07:35	12:40	15:07	17:35	19:02
2026-02-07	05:55	07:34	12:40	15:08	17:37	19:03
2026-02-08	05:54	07:32	12:40	15:10	17:38	19:05
2026-02-09	05:52	07:31	12:40	15:11	17:40	19:06
2026-02-10	05:51	07:29	12:40	15:12	17:41	19:07
2026-02-11	05:50	07:27	12:40	15:13	17:43	19:09
2026-02-12	05:48	07:26	12:40	15:15	17:45	19:10
2026-02-13	05:47	07:24	12:40	15:16	17:46	19:12
2026-02-14	05:45	07:23	12:40	15:17	17:48	19:13
2026-02-15	05:44	07:21	12:40	15:18	17:49	19:15
2026-02-16	05:42	07:19	12:40	15:20	17:51	19:16
2026-02-17	05:41	07:18	12:40	15:21	17:53	19:17
2026-02-18	05:39	07:16	12:40	15:22	17:54	19:19
2026-02-19	05:37	07:14	12:40	15:23	17:56	19:20
2026-02-20	05:36	07:12	12:40	15:24	17:57	19:22
2026-02-21	05:34	07:10	12:40	15:25	17:59	19:23
2026-02-22	05:32	07:09	12:40	15:27	18:00	19:25
2026-02-23	05:31	07:07	12:39	15:28	18:02	19:26
2026-02-24	05:29	07:05	12:39	15:29	18:04	19:28
2026-02-25	05:27	07:03	12:39	15:30	18:05	19:29
2026-02-26	05:25	07:01	12:39	15:31	18:07	19:31
2026-02-27	05:23	06:59	12:39	15:32	18:08	19:32
2026-02-28	05:22	06:58	12:39	15:33	18:10	19:34
2026-03-01	05:20	06:56	12:38	15:34	18:11	19:35
2026-03-02	05:18	06:54	12:38	15:36	18:13	19:37
2026-03-03	05:16	06:52	12:38	15:37	18:14	19:38
2026-03-04	05:14	06:50	12:38	15:38	18:16	19:40
2026-03-05	05:12	06:48	12:38	15:39	18:17	19:41
2026-03-06	05:10	06:46	12:37	15:40	18:19	19:43
2026-03-07	05:08	06:44	12:37	15:41	18:20	19:44
2026-03-08	05:06	06:42	12:37	15:42	18:22	19:46
2026-03-09	05:04	06:40	12:37	15:43	18:23	19:47
2026-03-10	05:02	06:38	12:36	15:44	18:25	19:49
2026-03-11	05:00	06:36	12:36	15:45	18:26	19:50
2026-03-12	04:58	06:34	12:36	15:46	18:28	19:52
2026-03-13	04:55	06:32	12:36	15:47	18:29	19:53
2026-03-14	04:53	06:30	12:35	15:48	18:31	19:55
2026-03-15	04:51	06:28	12:35	15:48	18:32	19:57
2026-03-16	04:49	06:26	12:35	15:49	18:34	19:58
2026-03-17	04:47	06:24	12:34	15:50	18:35	20:00
2026-03-18	04:44	06:22	12:34	15:51	18:37	20:01
2026-03-19	04:42	06:20	12:34	15:52	18:38	20:03
2026-03-20	04:40	06:18	12:34	15:53	18:40	20:05
2026-03-21	04:38	06:16	12:33	15:54	18:41	20:06
2026-03-22	04:35	06:14	12:33	15:55	18:42	20:08
2026-03-23	04:33	06:12	12:33	15:55	18:44	20:10
2026-03-24	04:31	06:10	12:32	15:56	18:45	20:11
2026-03-25	04:28	06:07	12:32	15:57	18:47	20:13
2026-03-26	04:26	06:05	12:32	15:58	18:48	20:14
2026-03-27	04:24	06:03	12:32	15:59	18:50	20:16
2026-03-28	04:21	06:01	12:31	15:59	18:51	20:18
2026-03-29	05:19	06:59	13:31	17:00	19:53	21:20
2026-03-30	05:17	06:57	13:31	17:01	19:54	21:21
2026-03-31	05:14	06:55	13:30	17:02	19:55	21:23
2026-04-01	05:12	06:53	13:30	17:02	19:57	21:25
2026-04-02	05:09	06:51	13:30	17:03	19:58	21:27
2026-04-03	05:07	06:49	13:29	17:04	20:00	21:28
2026-04-04	05:05	06:47	13:29	17:04	20:01	21:30
2026-04-05	05:02	06:45	13:29	17:05	20:03	21:32
2026-04-06	05:00	06:43	13:29	17:06	20:04	21:34
2026-04-07	04:57	06:41	13:28	17:07	20:05	21:35
2026-04-08	04:55	06:39	13:28	17:07	20:07	21:37
2026-04-09	04:52	06:37	13:28	17:08	20:08	21:39
2026-04-10	04:50	06:35	13:27	17:09	20:10	21:41
2026-04-11	04:47	06:33	13:27	17:09	20:11	21:43
2026-04-12	04:45	06:31	13:27	17:10	20:13	21:45
2026-04-13	04:42	06:29	13:27	17:11	20:14	21:47
2026-04-14	04:39	06:27	13:26	17:11	20:16	21:49
2026-04-15	04:37	06:25	13:26	17:12	20:17	21:51
2026-04-16	04:34	06:23	13:26	17:12	20:18	21:52
2026-04-17	04:32	06:22	13:26	17:13	20:20	21:54
2026-04-18	04:29	06:20	13:25	17:14	20:21	21:56
2026-04-19	04:27	06:18	13:25	17:14	20:23	21:58
2026-04-20	04:24	06:16	13:25	17:15	20:24	22:00
2026-04-21	04:21	06:14	13:25	17:15	20:26	22:02
2026-04-22	04:19	06:12	13:25	17:16	20:27	22:04
2026-04-23	04:16	06:10	13:24	17:17	20:28	22:07
2026-04-24	04:14	06:09	13:24	17:17	20:30	22:09
2026-04-25	04:11	06:07	13:24	17:18	20:31	22:11
2026-04-26	04:08	06:05	13:24	17:18	20:33	22:13
2026-04-27	04:06	06:03	13:24	17:19	20:34	22:15
2026-04-28	04:03	06:02	13:24	17:19	20:36	22:17
2026-04-29	04:00	06:00	13:23	17:20	20:37	22:19
2026-04-30	03:58	05:58	13:23	17:20	20:38	22:21
2026-05-01	03:55	05:57	13:23	17:21	20:40	22:23
2026-05-02	03:52	05:55	13:23	17:21	20:41	22:26
2026-05-03	03:52	05:53	13:23	17:22	20:43	22:28
2026-05-04	03:51	05:52	13:23	17:23	20:44	22:30
2026-05-05	03:51	05:50	13:23	17:23	20:45	22:32
2026-05-06	03:51	05:49	13:23	17:24	20:47	22:34
2026-05-07	03:50	05:47	13:23	17:24	20:48	22:37
2026-05-08	03:50	05:46	13:23	17:25	20:49	22:39
2026-05-09	03:49	05:44	13:22	17:25	20:51	22:41
2026-05-10	03:49	05:43	13:22	17:26	20:52	22:42
2026-05-11	03:48	05:41	13:22	17:26	20:54	22:43
2026-05-12	03:48	05:40	13:22	17:27	20:55	22:43
2026-05-13	03:48	05:39	13:22	17:27	20:56	22:44
2026-05-14	03:47	05:37	13:22	17:28	20:57	22:44
2026-05-15	03:47	05:36	13:22	17:28	20:59	22:45
2026-05-16	03:46	05:35	13:22	17:29	21:00	22:45
2026-05-17	03:46	05:33	13:22	17:29	21:01	22:46
2026-05-18	03:46	05:32	13:22	17:29	21:03	22:46
2026-05-19	03:45	05:31	13:22	17:30	21:04	22:47
2026-05-20	03:45	05:30	13:23	17:30	21:05	22:47
2026-05-21	03:44	05:29	13:23	17:31	21:06	22:48
2026-05-22	03:44	05:28	13:23	17:31	21:08	22:48
2026-05-23	03:44	05:27	13:23	17:32	21:09	22:48
2026-05-24	03:43	05:26	13:23	17:32	21:10	22:49
2026-05-25	03:43	05:25	13:23	17:33	21:11	22:49
2026-05-26	03:42	05:24	13:23	17:33	21:12	22:50
2026-05-27	03:42	05:23	13:23	17:34	21:13	22:50
2026-05-28	03:42	05:22	13:23	17:34	21:14	22:51
2026-05-29	03:41	05:21	13:23	17:34	21:15	22:51
2026-05-30	03:41	05:21	13:24	17:35	21:16	22:52
2026-05-31	03:40	05:20	13:24	17:35	21:17	22:52
2026-06-01	03:40	05:19	13:24	17:36	21:18	22:53
2026-06-02	03:39	05:19	13:24	17:36	21:19	22:53
2026-06-03	03:39	05:18	13:24	17:36	21:20	22:54
2026-06-04	03:39	05:18	13:24	17:37	21:21	22:54
2026-06-05	03:38	05:17	13:24	17:37	21:22	22:55
2026-06-06	03:38	05:17	13:25	17:38	21:23	22:55
2026-06-07	03:37	05:16	13:25	17:38	21:24	22:56
2026-06-08	03:37	05:16	13:25	17:38	21:24	22:56
2026-06-09	03:37	05:15	13:25	17:39	21:25	22:57
2026-06-10	03:36	05:15	13:25	17:39	21:26	22:57
2026-06-11	03:36	05:15	13:26	17:39	21:26	22:58
2026-06-12	03:35	05:15	13:26	17:40	21:27	22:58
2026-06-13	03:35	05:14	13:26	17:40	21:28	22:58
2026-06-14	03:35	05:14	13:26	17:40	21:28	22:59
2026-06-15	03:34	05:14	13:26	17:41	21:29	22:59
2026-06-16	03:34	05:14	13:27	17:41	21:29	23:00
2026-06-17	03:33	05:14	13:27	17:41	21:29	23:00
2026-06-18	03:33	05:14	13:27	17:41	21:30	23:01
2026-06-19	03:33	05:14	13:27	17:42	21:30	23:01
2026-06-20	03:32	05:15	13:28	17:42	21:30	23:02
2026-06-21	03:32	05:15	13:28	17:42	21:31	23:02
2026-06-22	03:32	05:15	13:28	17:42	21:31	23:02
2026-06-23	03:33	05:15	13:28	17:43	21:31	23:01
2026-06-24	03:33	05:16	13:28	17:43	21:31	23:01
2026-06-25	03:33	05:16	13:29	17:43	21:31	23:01
2026-06-26	03:34	05:16	13:29	17:43	21:31	23:00
2026-06-27	03:34	05:17	13:29	17:43	21:31	23:00
2026-06-28	03:35	05:17	13:29	17:43	21:31	22:59
2026-06-29	03:35	05:18	13:29	17:43	21:31	22:59
2026-06-30	03:36	05:18	13:30	17:44	21:31	22:58
2026-07-01	03:36	05:19	13:30	17:44	21:31	22:58
2026-07-02	03:36	05:19	13:30	17:44	21:31	22:58
2026-07-03	03:37	05:20	13:30	17:44	21:30	22:57
2026-07-04	03:37	05:21	13:30	17:44	21:30	22:57
2026-07-05	03:38	05:21	13:31	17:44	21:30	22:56
2026-07-06	03:38	05:22	13:31	17:44	21:29	22:56
2026-07-07	03:39	05:23	13:31	17:44	21:29	22:55
2026-07-08	03:39	05:24	13:31	17:44	21:28	22:55
2026-07-09	03:39	05:25	13:31	17:44	21:28	22:55
2026-07-10	03:40	05:26	13:31	17:44	21:27	22:54
2026-07-11	03:40	05:26	13:32	17:44	21:27	22:54
2026-07-12	03:41	05:27	13:32	17:43	21:26	22:53
2026-07-13	03:41	05:28	13:32	17:43	21:25	22:53
2026-07-14	03:42	05:29	13:32	17:43	21:25	22:53
2026-07-15	03:42	05:30	13:32	17:43	21:24	22:52
2026-07-16	03:42	05:31	13:32	17:43	21:23	22:52
2026-07-17	03:43	05:32	13:32	17:43	21:22	22:51
2026-07-18	03:43	05:33	13:32	17:42	21:21	22:51
2026-07-19	03:44	05:34	13:32	17:42	21:20	22:50
2026-07-20	03:44	05:36	13:32	17:42	21:19	22:50
2026-07-21	03:45	05:37	13:32	17:41	21:18	22:50
2026-07-22	03:45	05:38	13:33	17:41	21:17	22:49
2026-07-23	03:45	05:39	13:33	17:41	21:16	22:49
2026-07-24	03:46	05:40	13:33	17:40	21:15	22:48
2026-07-25	03:46	05:41	13:33	17:40	21:14	22:48
2026-07-26	03:47	05:43	13:33	17:40	21:13	22:47
2026-07-27	03:47	05:44	13:33	17:39	21:11	22:47
2026-07-28	03:47	05:45	13:33	17:39	21:10	22:47
2026-07-29	03:48	05:46	13:33	17:38	21:09	22:46
2026-07-30	03:48	05:48	13:33	17:38	21:07	22:46
2026-07-31	03:49	05:49	13:32	17:37	21:06	22:45
2026-08-01	03:49	05:50	13:32	17:37	21:05	22:45
2026-08-02	03:50	05:51	13:32	17:36	21:03	22:44
2026-08-03	03:50	05:53	13:32	17:35	21:02	22:44
2026-08-04	03:50	05:54	13:32	17:35	21:00	22:44
2026-08-05	03:51	05:55	13:32	17:34	20:59	22:43
2026-08-06	03:51	05:57	13:32	17:33	20:57	22:43
2026-08-07	03:52	05:58	13:32	17:33	20:56	22:42
2026-08-08	03:54	05:59	13:32	17:32	20:54	22:41
2026-08-09	03:56	06:01	13:32	17:31	20:53	22:39
2026-08-10	03:58	06:02	13:31	17:31	20:51	22:36
2026-08-11	04:01	06:03	13:31	17:30	20:49	22:34
2026-08-12	04:03	06:05	13:31	17:29	20:48	22:31
2026-08-13	04:05	06:06	13:31	17:28	20:46	22:29
2026-08-14	04:08	06:07	13:31	17:27	20:44	22:27
2026-08-15	04:10	06:09	13:31	17:26	20:43	22:24
2026-08-16	04:12	06:10	13:30	17:25	20:41	22:22
2026-08-17	04:14	06:11	13:30	17:25	20:39	22:19
2026-08-18	04:17	06:13	13:30	17:24	20:37	22:17
2026-08-19	04:19	06:14	13:30	17:23	20:36	22:14
2026-08-20	04:21	06:15	13:30	17:22	20:34	22:12
2026-08-21	04:23	06:17	13:29	17:21	20:32	22:09
2026-08-22	04:25	06:18	13:29	17:20	20:30	22:07
2026-08-23	04:27	06:19	13:29	17:19	20:28	22:05
2026-08-24	04:29	06:21	13:29	17:18	20:26	22:02
2026-08-25	04:32	06:22	13:28	17:17	20:24	22:00
2026-08-26	04:34	06:24	13:28	17:15	20:22	21:57
2026-08-27	04:36	06:25	13:28	17:14	20:21	21:55
2026-08-28	04:38	06:26	13:27	17:13	20:19	21:52
2026-08-29	04:40	06:28	13:27	17:12	20:17	21:50
2026-08-30	04:42	06:29	13:27	17:11	20:15	21:47
2026-08-31	04:43	06:30	13:27	17:10	20:13	21:45
2026-09-01	04:45	06:32	13:26	17:08	20:11	21:42
2026-09-02	04:47	06:33	13:26	17:07	20:09	21:40
2026-09-03	04:49	06:34	13:26	17:06	20:07	21:38
2026-09-04	04:51	06:36	13:25	17:05	20:05	21:35
2026-09-05	04:53	06:37	13:25	17:03	20:03	21:33
2026-09-06	04:55	06:38	13:25	17:02	20:01	21:30
2026-09-07	04:57	06:40	13:24	17:01	19:59	21:28
2026-09-08	04:58	06:41	13:24	17:00	19:57	21:26
2026-09-09	05:00	06:43	13:24	16:58	19:55	21:23
2026-09-10	05:02	06:44	13:23	16:57	19:52	21:21
2026-09-11	05:04	06:45	13:23	16:56	19:50	21:18
2026-09-12	05:05	06:47	13:22	16:54	19:48	21:16
2026-09-13	05:07	06:48	13:22	16:53	19:46	21:14
2026-09-14	05:09	06:49	13:22	16:51	19:44	21:11
2026-09-15	05:11	06:51	13:21	16:50	19:42	21:09
2026-09-16	05:12	06:52	13:21	16:49	19:40	21:07
2026-09-17	05:14	06:53	13:21	16:47	19:38	21:04
2026-09-18	05:16	06:55	13:20	16:46	19:36	21:02
2026-09-19	05:17	06:56	13:20	16:44	19:34	21:00
2026-09-20	05:19	06:57	13:20	16:43	19:32	20:57
2026-09-21	05:21	06:59	13:19	16:41	19:30	20:55
2026-09-22	05:22	07:00	13:19	16:40	19:28	20:53
2026-09-23	05:24	07:02	13:19	16:38	19:26	20:51
2026-09-24	05:25	07:03	13:18	16:37	19:23	20:48
2026-09-25	05:27	07:04	13:18	16:36	19:21	20:46
2026-09-26	05:28	07:06	13:18	16:34	19:19	20:44
2026-09-27	05:30	07:07	13:17	16:33	19:17	20:42
2026-09-28	05:32	07:08	13:17	16:31	19:15	20:40
2026-09-29	05:33	07:10	13:16	16:30	19:13	20:37
2026-09-30	05:35	07:11	13:16	16:28	19:11	20:35
2026-10-01	05:36	07:13	13:16	16:26	19:09	20:33
2026-10-02	05:38	07:14	13:16	16:25	19:07	20:31
2026-10-03	05:39	07:15	13:15	16:23	19:05	20:29
2026-10-04	05:41	07:17	13:15	16:22	19:03	20:27
2026-10-05	05:42	07:18	13:15	16:20	19:01	20:25
2026-10-06	05:44	07:20	13:14	16:19	18:59	20:23
2026-10-07	05:45	07:21	13:14	16:17	18:57	20:21
2026-10-08	05:47	07:23	13:14	16:16	18:55	20:19
2026-10-09	05:48	07:24	13:13	16:14	18:53	20:17
2026-10-10	05:49	07:25	13:13	16:13	18:51	20:15
2026-10-11	05:51	07:27	13:13	16:11	18:49	20:13
2026-10-12	05:52	07:28	13:13	16:10	18:47	20:11
2026-10-13	05:54	07:30	13:12	16:08	18:45	20:09
2026-10-14	05:55	07:31	13:12	16:07	18:43	20:07
2026-10-15	05:57	07:33	13:12	16:05	18:41	20:05
2026-10-16	05:58	07:34	13:12	16:04	18:39	20:03
2026-10-17	05:59	07:36	13:11	16:02	18:37	20:01
2026-10-18	06:01	07:37	13:11	16:01	18:35	20:00
2026-10-19	06:02	07:39	13:11	15:59	18:34	19:58
2026-10-20	06:04	07:40	13:11	15:58	18:32	19:56
2026-10-21	06:05	07:42	13:11	15:57	18:30	19:54
2026-10-22	06:07	07:43	13:11	15:55	18:28	19:53
2026-10-23	06:08	07:45	13:10	15:54	18:26	19:51
2026-10-24	06:09	07:46	13:10	15:52	18:25	19:49
2026-10-25	05:11	06:48	12:10	14:51	17:23	18:48
2026-10-26	05:12	06:49	12:10	14:50	17:21	18:46
2026-10-27	05:13	06:51	12:10	14:48	17:19	18:45
2026-10-28	05:15	06:52	12:10	14:47	17:18	18:43
2026-10-29	05:16	06:54	12:10	14:46	17:16	18:41
2026-10-30	05:18	06:55	12:10	14:44	17:14	18:40
2026-10-31	05:19	06:57	12:10	14:43	17:13	18:38
2026-11-01	05:20	06:58	12:10	14:42	17:11	18:37
2026-11-02	05:22	07:00	12:10	14:40	17:09	18:36
2026-11-03	05:23	07:01	12:10	14:39	17:08	18:34
2026-11-04	05:24	07:03	12:10	14:38	17:06	18:33
2026-11-05	05:26	07:04	12:10	14:37	17:05	18:32
2026-11-06	05:27	07:06	12:10	14:36	17:03	18:30
2026-11-07	05:28	07:07	12:10	14:34	17:02	18:29
2026-11-08	05:30	07:09	12:10	14:33	17:01	18:28
2026-11-09	05:31	07:10	12:10	14:32	16:59	18:27
2026-11-10	05:32	07:12	12:10	14:31	16:58	18:26
2026-11-11	05:34	07:13	12:10	14:30	16:56	18:24
2026-11-12	05:35	07:15	12:10	14:29	16:55	18:23
2026-11-13	05:36	07:17	12:10	14:28	16:54	18:22
2026-11-14	05:37	07:18	12:10	14:27	16:53	18:21
2026-11-15	05:39	07:20	12:11	14:26	16:52	18:20
2026-11-16	05:40	07:21	12:11	14:25	16:50	18:19
2026-11-17	05:41	07:23	12:11	14:24	16:49	18:18
2026-11-18	05:42	07:24	12:11	14:24	16:48	18:18
2026-11-19	05:44	07:25	12:11	14:23	16:47	18:17
2026-11-20	05:45	07:27	12:12	14:22	16:46	18:16
2026-11-21	05:46	07:28	12:12	14:21	16:45	18:15
2026-11-22	05:47	07:30	12:12	14:21	16:44	18:15
2026-11-23	05:48	07:31	12:12	14:20	16:43	18:14
2026-11-24	05:50	07:33	12:13	14:19	16:42	18:13
2026-11-25	05:51	07:34	12:13	14:19	16:42	18:13
2026-11-26	05:52	07:35	12:13	14:18	16:41	18:12
2026-11-27	05:53	07:37	12:13	14:18	16:40	18:12
2026-11-28	05:54	07:38	12:14	14:17	16:40	18:11
2026-11-29	05:55	07:39	12:14	14:17	16:39	18:11
2026-11-30	05:56	07:41	12:14	14:16	16:38	18:10
2026-12-01	05:57	07:42	12:15	14:16	16:38	18:10
2026-12-02	05:58	07:43	12:15	14:16	16:37	18:10
2026-12-03	05:59	07:44	12:16	14:15	16:37	18:09
2026-12-04	06:00	07:46	12:16	14:15	16:36	18:09
2026-12-05	06:01	07:47	12:16	14:15	16:36	18:09
2026-12-06	06:02	07:48	12:17	14:15	16:36	18:09
2026-12-07	06:03	07:49	12:17	14:15	16:36	18:09
2026-12-08	06:04	07:50	12:18	14:15	16:35	18:09
2026-12-09	06:05	07:51	12:18	14:15	16:35	18:09
2026-12-10	06:06	07:52	12:19	14:15	16:35	18:09
2026-12-11	06:07	07:53	12:19	14:15	16:35	18:09
2026-12-12	06:08	07:54	12:19	14:15	16:35	18:09
2026-12-13	06:08	07:55	12:20	14:15	16:35	18:09
2026-12-14	06:09	07:56	12:20	14:15	16:35	18:09
2026-12-15	06:10	07:56	12:21	14:15	16:35	18:09
2026-12-16	06:11	07:57	12:21	14:15	16:36	18:10
2026-12-17	06:11	07:58	12:22	14:16	16:36	18:10
2026-12-18	06:12	07:59	12:22	14:16	16:36	18:10
2026-12-19	06:13	07:59	12:23	14:16	16:36	18:11
2026-12-20	06:13	08:00	12:23	14:17	16:37	18:11
2026-12-21	06:14	08:00	12:24	14:17	16:37	18:12
2026-12-22	06:14	08:01	12:24	14:18	16:38	18:12
2026-12-23	06:15	08:01	12:25	14:18	16:38	18:13
2026-12-24	06:15	08:02	12:25	14:19	16:39	18:13
2026-12-25	06:16	08:02	12:26	14:19	16:39	18:14
2026-12-26	06:16	08:03	12:26	14:20	16:40	18:14
2026-12-27	06:16	08:03	12:27	14:21	16:41	18:15
2026-12-28	06:17	08:03	12:27	14:21	16:42	18:16
2026-12-29	06:17	08:03	12:28	14:22	16:42	18:16
2026-12-30	06:17	08:03	12:28	14:23	16:43	18:17
2026-12-31	06:17	08:03	12:29	14:24	16:44	18:18
2027-01-01	06:17	08:04	12:29	14:25	16:45	18:19
2027-01-02	06:17	08:04	12:30	14:25	16:46	18:20
2027-01-03	06:18	08:03	12:30	14:26	16:47	18:20
2027-01-04	06:18	08:03	12:31	14:27	16:48	18:21
2027-01-05	06:18	08:03	12:31	14:28	16:49	18:22
2027-01-06	06:17	08:03	12:32	14:29	16:50	18:23
2027-01-07	06:17	08:03	12:32	14:30	16:51	18:24
2027-01-08	06:17	08:02	12:32	14:31	16:52	18:25
2027-01-09	06:17	08:02	12:33	14:32	16:54	18:26
2027-01-10	06:17	08:02	12:33	14:33	16:55	18:27
2027-01-11	06:17	08:01	12:34	14:34	16:56	18:28
2027-01-12	06:16	08:01	12:34	14:35	16:57	18:29
2027-01-13	06:16	08:00	12:34	14:37	16:59	18:31
2027-01-14	06:16	08:00	12:35	14:38	17:00	18:32
2027-01-15	06:15	07:59	12:35	14:39	17:01	18:33
2027-01-16	06:15	07:58	12:36	14:40	17:03	18:34
2027-01-17	06:14	07:58	12:36	14:41	17:04	18:35
2027-01-18	06:14	07:57	12:36	14:42	17:05	18:36
2027-01-19	06:13	07:56	12:37	14:44	17:07	18:38
2027-01-20	06:13	07:55	12:37	14:45	17:08	18:39
2027-01-21	06:12	07:54	12:37	14:46	17:10	18:40
2027-01-22	06:11	07:54	12:37	14:47	17:11	18:41
2027-01-23	06:11	07:53	12:38	14:49	17:13	18:43
2027-01-24	06:10	07:52	12:38	14:50	17:14	18:44
2027-01-25	06:09	07:51	12:38	14:51	17:16	18:45
2027-01-26	06:08	07:49	12:38	14:52	17:17	18:46
2027-01-27	06:07	07:48	12:39	14:54	17:19	18:48
2027-01-28	06:06	07:47	12:39	14:55	17:20	18:49
2027-01-29	06:05	07:46	12:39	14:56	17:22	18:50
2027-01-30	06:04	07:45	12:39	14:58	17:24	18:52
2027-01-31	06:03	07:44	12:39	14:59	17:25	18:53
2027-02-01	06:02	07:42	12:39	15:00	17:27	18:54
2027-02-02	06:01	07:41	12:40	15:01	17:28	18:56
2027-02-03	06:00	07:40	12:40	15:03	17:30	18:57
2027-02-04	05:59	07:38	12:40	15:04	17:31	18:59
2027-02-05	05:58	07:37	12:40	15:05	17:33	19:00
2027-02-06	05:57	07:35	12:40	15:07	17:35	19:01
2027-02-07	05:55	07:34	12:40	15:08	17:36	19:03
2027-02-08	05:54	07:32	12:40	15:09	17:38	19:04
2027-02-09	05:53	07:31	12:40	15:10	17:39	19:06
2027-02-10	05:51	07:29	12:40	15:12	17:41	19:07
2027-02-11	05:50	07:28	12:40	15:13	17:43	19:08
2027-02-12	05:49	07:26	12:40	15:14	17:44	19:10
2027-02-13	05:47	07:25	12:40	15:16	17:46	19:11
2027-02-14	05:46	07:23	12:40	15:17	17:47	19:13
2027-02-15	05:44	07:21	12:40	15:18	17:49	19:14
2027-02-16	05:43	07:20	12:40	15:19	17:51	19:16
2027-02-17	05:41	07:18	12:40	15:20	17:52	19:17
2027-02-18	05:39	07:16	12:40	15:22	17:54	19:19
2027-02-19	05:38	07:14	12:40	15:23	17:55	19:20
2027-02-20	05:36	07:13	12:40	15:24	17:57	19:21
2027-02-21	05:34	07:11	12:40	15:25	17:58	19:23
2027-02-22	05:33	07:09	12:40	15:26	18:00	19:24
2027-02-23	05:31	07:07	12:39	15:28	18:02	19:26
2027-02-24	05:29	07:05	12:39	15:29	18:03	19:27
2027-02-25	05:28	07:04	12:39	15:30	18:05	19:29
2027-02-26	05:26	07:02	12:39	15:31	18:06	19:30
2027-02-27	05:24	07:00	12:39	15:32	18:08	19:32
2027-02-28	05:22	06:58	12:39	15:33	18:09	19:33
2027-03-01	05:20	06:56	12:38	15:34	18:11	19:35
2027-03-02	05:18	06:54	12:38	15:35	18:12	19:36
2027-03-03	05:16	06:52	12:38	15:36	18:14	19:38
2027-03-04	05:14	06:50	12:38	15:37	18:15	19:39
2027-03-05	05:12	06:48	12:38	15:38	18:17	19:41
2027-03-06	05:10	06:46	12:37	15:40	18:18	19:42
2027-03-07	05:08	06:44	12:37	15:41	18:20	19:44
2027-03-08	05:06	06:42	12:37	15:42	18:21	19:45
2027-03-09	05:04	06:40	12:37	15:43	18:23	19:47
2027-03-10	05:02	06:38	12:36	15:43	18:24	19:48
2027-03-11	05:00	06:36	12:36	15:44	18:26	19:50
2027-03-12	04:58	06:34	12:36	15:45	18:27	19:52
2027-03-13	04:56	06:32	12:36	15:46	18:29	19:53
2027-03-14	04:54	06:30	12:35	15:47	18:30	19:55
2027-03-15	04:52	06:28	12:35	15:48	18:32	19:56
2027-03-16	04:49	06:26	12:35	15:49	18:33	19:58
2027-03-17	04:47	06:24	12:35	15:50	18:35	19:59
2027-03-18	04:45	06:22	12:34	15:51	18:36	20:01
2027-03-19	04:43	06:20	12:34	15:52	18:38	20:03
2027-03-20	04:41	06:18	12:34	15:53	18:39	20:04
2027-03-21	04:38	06:16	12:33	15:54	18:41	20:06
2027-03-22	04:36	06:14	12:33	15:54	18:42	20:07
2027-03-23	04:34	06:12	12:33	15:55	18:44	20:09
2027-03-24	04:31	06:10	12:33	15:56	18:45	20:11
2027-03-25	04:29	06:08	12:32	15:57	18:46	20:12
2027-03-26	04:27	06:06	12:32	15:58	18:48	20:14
2027-03-27	04:24	06:04	12:32	15:58	18:49	20:16
2027-03-28	05:22	07:02	13:31	16:59	19:51	21:17
2027-03-29	05:20	07:00	13:31	17:00	19:52	21:19
2027-03-30	05:17	06:58	13:31	17:01	19:54	21:21
2027-03-31	05:15	06:56	13:30	17:01	19:55	21:23
2027-04-01	05:12	06:54	13:30	17:02	19:57	21:24
2027-04-02	05:10	06:52	13:30	17:03	19:58	21:26
2027-04-03	05:08	06:50	13:30	17:04	19:59	21:28
2027-04-04	05:05	06:48	13:29	17:04	20:01	21:30
2027-04-05	05:03	06:46	13:29	17:05	20:02	21:31
2027-04-06	05:00	06:44	13:29	17:06	20:04	21:33
2027-04-07	04:58	06:42	13:28	17:06	20:05	21:35
2027-04-08	04:55	06:40	13:28	17:07	20:07	21:37
2027-04-09	04:53	06:38	13:28	17:08	20:08	21:39
2027-04-10	04:50	06:36	13:28	17:08	20:09	21:41
2027-04-11	04:48	06:34	13:27	17:09	20:11	21:42
2027-04-12	04:45	06:32	13:27	17:10	20:12	21:44
2027-04-13	04:43	06:30	13:27	17:10	20:14	21:46
2027-04-14	04:40	06:28	13:26	17:11	20:15	21:48
2027-04-15	04:37	06:26	13:26	17:12	20:17	21:50
2027-04-16	04:35	06:24	13:26	17:12	20:18	21:52
2027-04-17	04:32	06:22	13:26	17:13	20:19	21:54
2027-04-18	04:30	06:20	13:26	17:13	20:21	21:56
2027-04-19	04:27	06:18	13:25	17:14	20:22	21:58
2027-04-20	04:25	06:16	13:25	17:15	20:24	22:00
2027-04-21	04:22	06:15	13:25	17:15	20:25	22:02
2027-04-22	04:19	06:13	13:25	17:16	20:27	22:04
2027-04-23	04:17	06:11	13:24	17:16	20:28	22:06
2027-04-24	04:14	06:09	13:24	17:17	20:29	22:08
2027-04-25	04:12	06:07	13:24	17:18	20:31	22:10
2027-04-26	04:09	06:06	13:24	17:18	20:32	22:12
2027-04-27	04:06	06:04	13:24	17:19	20:34	22:14
2027-04-28	04:04	06:02	13:24	17:19	20:35	22:16
2027-04-29	04:01	06:00	13:23	17:20	20:37	22:19
2027-04-30	03:58	05:59	13:23	17:20	20:38	22:21
2027-05-01	03:56	05:57	13:23	17:21	20:39	22:23
2027-05-02	03:53	05:55	13:23	17:21	20:41	22:25
2027-05-03	03:52	05:54	13:23	17:22	20:42	22:27
2027-05-04	03:51	05:52	13:23	17:22	20:44	22:29
2027-05-05	03:51	05:51	13:23	17:23	20:45	22:32
2027-05-06	03:50	05:49	13:23	17:23	20:46	22:34
2027-05-07	03:50	05:48	13:23	17:24	20:48	22:36
2027-05-08	03:50	05:46	13:23	17:24	20:49	22:38
2027-05-09	03:49	05:45	13:23	17:25	20:50	22:41
2027-05-10	03:49	05:43	13:22	17:25	20:52	22:42
2027-05-11	03:48	05:42	13:22	17:26	20:53	22:43
2027-05-12	03:48	05:40	13:22	17:26	20:55	22:43
2027-05-13	03:48	05:39	13:22	17:27	20:56	22:44
2027-05-14	03:47	05:38	13:22	17:27	20:57	22:44
2027-05-15	03:47	05:36	13:22	17:28	20:58	22:45
2027-05-16	03:46	05:35	13:22	17:28	21:00	22:45
2027-05-17	03:46	05:34	13:22	17:29	21:01	22:46
2027-05-18	03:46	05:33	13:22	17:29	21:02	22:46
2027-05-19	03:45	05:31	13:22	17:30	21:04	22:47
2027-05-20	03:45	05:30	13:23	17:30	21:05	22:47
2027-05-21	03:44	05:29	13:23	17:31	21:06	22:47
2027-05-22	03:44	05:28	13:23	17:31	21:07	22:48
2027-05-23	03:44	05:27	13:23	17:32	21:08	22:48
2027-05-24	03:43	05:26	13:23	17:32	21:10	22:49
2027-05-25	03:43	05:25	13:23	17:33	21:11	22:49
2027-05-26	03:42	05:24	13:23	17:33	21:12	22:50
2027-05-27	03:42	05:23	13:23	17:33	21:13	22:50
2027-05-28	03:41	05:22	13:23	17:34	21:14	22:51
2027-05-29	03:41	05:22	13:23	17:34	21:15	22:51
2027-05-30	03:41	05:21	13:23	17:35	21:16	22:52
2027-05-31	03:40	05:20	13:24	17:35	21:17	22:52
2027-06-01	03:40	05:19	13:24	17:36	21:18	22:53
2027-06-02	03:39	05:19	13:24	17:36	21:19	22:53
2027-06-03	03:39	05:18	13:24	17:36	21:20	22:54
2027-06-04	03:39	05:18	13:24	17:37	21:21	22:54
2027-06-05	03:38	05:17	13:24	17:37	21:22	22:55
2027-06-06	03:38	05:17	13:25	17:37	21:23	22:55
2027-06-07	03:37	05:16	13:25	17:38	21:23	22:56
2027-06-08	03:37	05:16	13:25	17:38	21:24	22:56
2027-06-09	03:37	05:15	13:25	17:39	21:25	22:57
2027-06-10	03:36	05:15	13:25	17:39	21:26	22:57
2027-06-11	03:36	05:15	13:26	17:39	21:26	22:57
2027-06-12	03:35	05:15	13:26	17:40	21:27	22:58
2027-06-13	03:35	05:15	13:26	17:40	21:27	22:58
2027-06-14	03:35	05:14	13:26	17:40	21:28	22:59
2027-06-15	03:34	05:14	13:26	17:40	21:28	22:59
2027-06-16	03:34	05:14	13:27	17:41	21:29	23:00
2027-06-17	03:33	05:14	13:27	17:41	21:29	23:00
2027-06-18	03:33	05:14	13:27	17:41	21:30	23:01
2027-06-19	03:32	05:14	13:27	17:42	21:30	23:01
2027-06-20	03:32	05:15	13:27	17:42	21:30	23:02
2027-06-21	03:32	05:15	13:28	17:42	21:31	23:02
2027-06-22	03:32	05:15	13:28	17:42	21:31	23:02
2027-06-23	03:33	05:15	13:28	17:42	21:31	23:01
2027-06-24	03:33	05:15	13:28	17:43	21:31	23:01
2027-06-25	03:33	05:16	13:29	17:43	21:31	23:01
2027-06-26	03:34	05:16	13:29	17:43	21:31	23:00
2027-06-27	03:34	05:17	13:29	17:43	21:31	23:00
2027-06-28	03:35	05:17	13:29	17:43	21:31	22:59
2027-06-29	03:35	05:18	13:29	17:43	21:31	22:59
2027-06-30	03:36	05:18	13:30	17:44	21:31	22:58
2027-07-01	03:36	05:19	13:30	17:44	21:31	22:58
2027-07-02	03:36	05:19	13:30	17:44	21:31	22:58
2027-07-03	03:37	05:20	13:30	17:44	21:30	22:57
2027-07-04	03:37	05:21	13:30	17:44	21:30	22:57
2027-07-05	03:38	05:21	13:31	17:44	21:30	22:56
2027-07-06	03:38	05:22	13:31	17:44	21:29	22:56
2027-07-07	03:38	05:23	13:31	17:44	21:29	22:55
2027-07-08	03:39	05:24	13:31	17:44	21:28	22:55
2027-07-09	03:39	05:24	13:31	17:44	21:28	22:55
2027-07-10	03:40	05:25	13:31	17:44	21:27	22:54
2027-07-11	03:40	05:26	13:31	17:44	21:27	22:54
2027-07-12	03:41	05:27	13:32	17:43	21:26	22:53
2027-07-13	03:41	05:28	13:32	17:43	21:25	22:53
2027-07-14	03:41	05:29	13:32	17:43	21:25	22:52
2027-07-15	03:42	05:30	13:32	17:43	21:24	22:52
2027-07-16	03:42	05:31	13:32	17:43	21:23	22:52
2027-07-17	03:43	05:32	13:32	17:43	21:22	22:51
2027-07-18	03:43	05:33	13:32	17:42	21:21	22:51
2027-07-19	03:44	05:34	13:32	17:42	21:20	22:50
2027-07-20	03:44	05:35	13:32	17:42	21:19	22:50
2027-07-21	03:44	05:36	13:32	17:41	21:18	22:49
2027-07-22	03:45	05:38	13:32	17:41	21:17	22:49
2027-07-23	03:45	05:39	13:33	17:41	21:16	22:49
2027-07-24	03:46	05:40	13:33	17:40	21:15	22:48
2027-07-25	03:46	05:41	13:33	17:40	21:14	22:48
2027-07-26	03:47	05:42	13:33	17:40	21:13	22:47
2027-07-27	03:47	05:44	13:33	17:39	21:12	22:47
2027-07-28	03:47	05:45	13:33	17:39	21:10	22:47
2027-07-29	03:48	05:46	13:33	17:38	21:09	22:46
2027-07-30	03:48	05:47	13:33	17:38	21:08	22:46
2027-07-31	03:49	05:49	13:32	17:37	21:06	22:45
2027-08-01	03:49	05:50	13:32	17:37	21:05	22:45
2027-08-02	03:50	05:51	13:32	17:36	21:04	22:44
2027-08-03	03:50	05:52	13:32	17:36	21:02	22:44
2027-08-04	03:50	05:54	13:32	17:35	21:01	22:44
2027-08-05	03:51	05:55	13:32	17:34	20:59	22:43
2027-08-06	03:51	05:56	13:32	17:34	20:58	22:43
2027-08-07	03:52	05:58	13:32	17:33	20:56	22:42
2027-08-08	03:53	05:59	13:32	17:32	20:55	22:42
2027-08-09	03:55	06:00	13:32	17:31	20:53	22:39
2027-08-10	03:58	06:02	13:32	17:31	20:51	22:37
2027-08-11	04:00	06:03	13:31	17:30	20:50	22:34
2027-08-12	04:03	06:04	13:31	17:29	20:48	22:32
2027-08-13	04:05	06:06	13:31	17:28	20:46	22:30
2027-08-14	04:07	06:07	13:31	17:27	20:45	22:27
2027-08-15	04:09	06:08	13:31	17:27	20:43	22:25
2027-08-16	04:12	06:10	13:30	17:26	20:41	22:22
2027-08-17	04:14	06:11	13:30	17:25	20:40	22:20
2027-08-18	04:16	06:12	13:30	17:24	20:38	22:17
2027-08-19	04:18	06:14	13:30	17:23	20:36	22:15
2027-08-20	04:20	06:15	13:30	17:22	20:34	22:12
2027-08-21	04:23	06:16	13:29	17:21	20:32	22:10
2027-08-22	04:25	06:18	13:29	17:20	20:30	22:08
2027-08-23	04:27	06:19	13:29	17:19	20:29	22:05
2027-08-24	04:29	06:20	13:29	17:18	20:27	22:03
2027-08-25	04:31	06:22	13:28	17:17	20:25	22:00
2027-08-26	04:33	06:23	13:28	17:16	20:23	21:58
2027-08-27	04:35	06:25	13:28	17:15	20:21	21:55
2027-08-28	04:37	06:26	13:27	17:13	20:19	21:53
2027-08-29	04:39	06:27	13:27	17:12	20:17	21:50
2027-08-30	04:41	06:29	13:27	17:11	20:15	21:48
2027-08-31	04:43	06:30	13:27	17:10	20:13	21:46
2027-09-01	04:45	06:31	13:26	17:09	20:11	21:43
2027-09-02	04:47	06:33	13:26	17:08	20:09	21:41
2027-09-03	04:49	06:34	13:26	17:06	20:07	21:38
2027-09-04	04:51	06:35	13:25	17:05	20:05	21:36
2027-09-05	04:52	06:37	13:25	17:04	20:03	21:33
2027-09-06	04:54	06:38	13:25	17:03	20:01	21:31
2027-09-07	04:56	06:39	13:24	17:01	19:59	21:29
2027-09-08	04:58	06:41	13:24	17:00	19:57	21:26
2027-09-09	05:00	06:42	13:24	16:59	19:55	21:24
2027-09-10	05:02	06:44	13:23	16:57	19:53	21:21
2027-09-11	05:03	06:45	13:23	16:56	19:51	21:19
2027-09-12	05:05	06:46	13:23	16:55	19:49	21:17
2027-09-13	05:07	06:48	13:22	16:53	19:47	21:14
2027-09-14	05:08	06:49	13:22	16:52	19:45	21:12
2027-09-15	05:10	06:50	13:21	16:50	19:43	21:10
2027-09-16	05:12	06:52	13:21	16:49	19:41	21:07
2027-09-17	05:14	06:53	13:21	16:48	19:39	21:05
2027-09-18	05:15	06:54	13:20	16:46	19:36	21:03
2027-09-19	05:17	06:56	13:20	16:45	19:34	21:00
2027-09-20	05:18	06:57	13:20	16:43	19:32	20:58
2027-09-21	05:20	06:59	13:19	16:42	19:30	20:56
2027-09-22	05:22	07:00	13:19	16:40	19:28	20:54
2027-09-23	05:23	07:01	13:19	16:39	19:26	20:51
2027-09-24	05:25	07:03	13:18	16:37	19:24	20:49
2027-09-25	05:26	07:04	13:18	16:36	19:22	20:47
2027-09-26	05:28	07:05	13:18	16:34	19:20	20:45
2027-09-27	05:30	07:07	13:17	16:33	19:18	20:42
2027-09-28	05:31	07:08	13:17	16:31	19:16	20:40
2027-09-29	05:33	07:10	13:17	16:30	19:14	20:38
2027-09-30	05:34	07:11	13:16	16:28	19:12	20:36
2027-10-01	05:36	07:12	13:16	16:27	19:10	20:34
2027-10-02	05:37	07:14	13:16	16:25	19:07	20:32
2027-10-03	05:39	07:15	13:15	16:24	19:05	20:29
2027-10-04	05:40	07:17	13:15	16:22	19:03	20:27
2027-10-05	05:42	07:18	13:15	16:21	19:01	20:25
2027-10-06	05:43	07:19	13:14	16:19	18:59	20:23
2027-10-07	05:45	07:21	13:14	16:18	18:57	20:21
2027-10-08	05:46	07:22	13:14	16:16	18:55	20:19
2027-10-09	05:48	07:24	13:13	16:15	18:53	20:17
2027-10-10	05:49	07:25	13:13	16:13	18:51	20:15
2027-10-11	05:51	07:26	13:13	16:12	18:49	20:13
2027-10-12	05:52	07:28	13:13	16:10	18:47	20:11
2027-10-13	05:53	07:29	13:12	16:09	18:45	20:09
2027-10-14	05:55	07:31	13:12	16:07	18:44	20:07
2027-10-15	05:56	07:32	13:12	16:06	18:42	20:06
2027-10-16	05:58	07:34	13:12	16:04	18:40	20:04
2027-10-17	05:59	07:35	13:12	16:03	18:38	20:02
2027-10-18	06:01	07:37	13:11	16:01	18:36	20:00
2027-10-19	06:02	07:38	13:11	16:00	18:34	19:58
2027-10-20	06:03	07:40	13:11	15:58	18:32	19:57
2027-10-21	06:05	07:41	13:11	15:57	18:30	19:55
2027-10-22	06:06	07:43	13:11	15:55	18:29	19:53
2027-10-23	06:08	07:44	13:10	15:54	18:27	19:51
2027-10-24	06:09	07:46	13:10	15:53	18:25	19:50
2027-10-25	06:10	07:47	13:10	15:51	18:23	19:48
2027-10-26	06:12	07:49	13:10	15:50	18:21	19:46
2027-10-27	06:13	07:50	13:10	15:49	18:20	19:45
2027-10-28	06:14	07:52	13:10	15:47	18:18	19:43
2027-10-29	06:16	07:53	13:10	15:46	18:16	19:42
2027-10-30	06:17	07:55	13:10	15:45	18:15	19:40
2027-10-31	05:19	06:56	12:10	14:43	17:13	18:39
2027-11-01	05:20	06:58	12:10	14:42	17:11	18:37
2027-11-02	05:21	06:59	12:10	14:41	17:10	18:36
2027-11-03	05:23	07:01	12:10	14:39	17:08	18:35
2027-11-04	05:24	07:02	12:10	14:38	17:07	18:33
2027-11-05	05:25	07:04	12:10	14:37	17:05	18:32
2027-11-06	05:27	07:05	12:10	14:36	17:04	18:31
2027-11-07	05:28	07:07	12:10	14:35	17:02	18:29
2027-11-08	05:29	07:09	12:10	14:34	17:01	18:28
2027-11-09	05:31	07:10	12:10	14:33	16:59	18:27
2027-11-10	05:32	07:12	12:10	14:31	16:58	18:26
2027-11-11	05:33	07:13	12:10	14:30	16:57	18:25
2027-11-12	05:34	07:15	12:10	14:29	16:55	18:24
2027-11-13	05:36	07:16	12:10	14:28	16:54	18:23
2027-11-14	05:37	07:18	12:10	14:27	16:53	18:22
2027-11-15	05:38	07:19	12:10	14:26	16:52	18:21
2027-11-16	05:40	07:21	12:11	14:26	16:51	18:20
2027-11-17	05:41	07:22	12:11	14:25	16:50	18:19
2027-11-18	05:42	07:24	12:11	14:24	16:48	18:18
2027-11-19	05:43	07:25	12:11	14:23	16:47	18:17
2027-11-20	05:45	07:27	12:11	14:22	16:46	18:16
2027-11-21	05:46	07:28	12:12	14:22	16:45	18:15
2027-11-22	05:47	07:29	12:12	14:21	16:44	18:15
2027-11-23	05:48	07:31	12:12	14:20	16:44	18:14
2027-11-24	05:49	07:32	12:12	14:20	16:43	18:13
2027-11-25	05:50	07:34	12:13	14:19	16:42	18:13
2027-11-26	05:52	07:35	12:13	14:18	16:41	18:12
2027-11-27	05:53	07:36	12:13	14:18	16:40	18:12
2027-11-28	05:54	07:38	12:14	14:17	16:40	18:11
2027-11-29	05:55	07:39	12:14	14:17	16:39	18:11
2027-11-30	05:56	07:40	12:14	14:16	16:38	18:10
2027-12-01	05:57	07:42	12:15	14:16	16:38	18:10
2027-12-02	05:58	07:43	12:15	14:16	16:37	18:10
2027-12-03	05:59	07:44	12:16	14:15	16:37	18:09
2027-12-04	06:00	07:45	12:16	14:15	16:37	18:09
2027-12-05	06:01	07:46	12:16	14:15	16:36	18:09
2027-12-06	06:02	07:48	12:17	14:15	16:36	18:09
2027-12-07	06:03	07:49	12:17	14:15	16:36	18:09
2027-12-08	06:04	07:50	12:18	14:15	16:35	18:09
2027-12-09	06:05	07:51	12:18	14:15	16:35	18:09
2027-12-10	06:06	07:52	12:18	14:15	16:35	18:09
2027-12-11	06:07	07:53	12:19	14:15	16:35	18:09
2027-12-12	06:07	07:54	12:19	14:15	16:35	18:09
2027-12-13	06:08	07:55	12:20	14:15	16:35	18:09
2027-12-14	06:09	07:55	12:20	14:15	16:35	18:09
2027-12-15	06:10	07:56	12:21	14:15	16:35	18:09
2027-12-16	06:10	07:57	12:21	14:15	16:35	18:10
2027-12-17	06:11	07:58	12:22	14:16	16:36	18:10
2027-12-18	06:12	07:58	12:22	14:16	16:36	18:10
2027-12-19	06:12	07:59	12:23	14:16	16:36	18:11
2027-12-20	06:13	08:00	12:23	14:17	16:37	18:11
2027-12-21	06:14	08:00	12:24	14:17	16:37	18:11
2027-12-22	06:14	08:01	12:24	14:18	16:38	18:12
2027-12-23	06:15	08:01	12:25	14:18	16:38	18:12
2027-12-24	06:15	08:02	12:25	14:19	16:39	18:13
2027-12-25	06:15	08:02	12:26	14:19	16:39	18:14
2027-12-26	06:16	08:02	12:26	14:20	16:40	18:14
2027-12-27	06:16	08:03	12:27	14:21	16:41	18:15
2027-12-28	06:16	08:03	12:27	14:21	16:41	18:16
2027-12-29	06:17	08:03	12:28	14:22	16:42	18:16
2027-12-30	06:17	08:03	12:28	14:23	16:43	18:17
2027-12-31	06:17	08:03	12:29	14:24	16:44	18:18
