2026-01-01	06:08	07:54	12:20	14:15	16:36	18:09
2026-01-02	06:08	07:54	12:20	14:16	16:37	18:10
2026-01-03	06:08	07:54	12:21	14:17	16:38	18:11
2026-01-04	06:08	07:53	12:21	14:18	16:39	18:12
2026-01-05	06:08	07:53	12:22	14:19	16:40	18:13
2026-01-06	06:08	07:53	12:22	14:20	16:41	18:14
2026-01-07	06:08	07:53	12:22	14:21	16:42	18:15
2026-01-08	06:08	07:53	12:23	14:22	16:43	18:16
2026-01-09	06:07	07:52	12:23	14:23	16:44	18:17
2026-01-10	06:07	07:52	12:24	14:24	16:46	18:18
2026-01-11	06:07	07:51	12:24	14:25	16:47	18:19
2026-01-12	06:07	07:51	12:25	14:26	16:48	18:20
2026-01-13	06:06	07:50	12:25	14:27	16:50	18:21
2026-01-14	06:06	07:50	12:25	14:29	16:51	18:22
2026-01-15	06:05	07:49	12:26	14:30	16:52	18:24
2026-01-16	06:05	07:48	12:26	14:31	16:54	18:25
2026-01-17	06:05	07:48	12:26	14:32	16:55	18:26
2026-01-18	06:04	07:47	12:27	14:33	16:56	18:27
2026-01-19	06:03	07:46	12:27	14:35	16:58	18:28
2026-01-20	06:03	07:45	12:27	14:36	16:59	18:30
2026-01-21	06:02	07:44	12:28	14:37	17:01	18:31
2026-01-22	06:01	07:43	12:28	14:38	17:02	18:32
2026-01-23	06:01	07:42	12:28	14:40	17:04	18:33
2026-01-24	06:00	07:41	12:28	14:41	17:05	18:35
2026-01-25	05:59	07:40	12:29	14:42	17:07	18:36
2026-01-26	05:58	07:39	12:29	14:43	17:08	18:37
2026-01-27	05:57	07:38	12:29	14:45	17:10	18:39
2026-01-28	05:57	07:37	12:29	14:46	17:11	18:40
2026-01-29	05:56	07:36	12:29	14:47	17:13	18:41
2026-01-30	05:55	07:35	12:30	14:48	17:14	18:43
2026-01-31	05:54	07:33	12:30	14:50	17:16	18:44
2026-02-01	05:53	07:32	12:30	14:51	17:18	18:45
2026-02-02	05:51	07:31	12:30	14:52	17:19	18:47
2026-02-03	05:50	07:30	12:30	14:54	17:21	18:48
2026-02-04	05:49	07:28	12:30	14:55	17:22	18:49
2026-02-05	05:48	07:27	12:30	14:56	17:24	18:51
2026-02-06	05:47	07:25	12:30	14:58	17:26	18:52
2026-02-07	05:45	07:24	12:30	14:59	17:27	18:54
2026-02-08	05:44	07:22	12:31	15:00	17:29	18:55
2026-02-09	05:43	07:21	12:31	15:01	17:30	18:56
2026-02-10	05:41	07:19	12:31	15:03	17:32	18:58
2026-02-11	05:40	07:18	12:31	15:04	17:34	18:59
2026-02-12	05:39	07:16	12:31	15:05	17:35	19:01
2026-02-13	05:37	07:14	12:31	15:06	17:37	19:02
2026-02-14	05:36	07:13	12:31	15:08	17:38	19:04
2026-02-15	05:34	07:11	12:31	15:09	17:40	19:05
2026-02-16	05:33	07:09	12:30	15:10	17:41	19:06
2026-02-17	05:31	07:08	12:30	15:11	17:43	19:08
2026-02-18	05:29	07:06	12:30	15:12	17:45	19:09
2026-02-19	05:28	07:04	12:30	15:14	17:46	19:11
2026-02-20	05:26	07:03	12:30	15:15	17:48	19:12
2026-02-21	05:24	07:01	12:30	15:16	17:49	19:14
2026-02-22	05:23	06:59	12:30	15:17	17:51	19:15
2026-02-23	05:21	06:57	12:30	15:18	17:52	19:17
2026-02-24	05:19	06:55	12:30	15:19	17:54	19:18
2026-02-25	05:17	06:53	12:29	15:21	17:56	19:20
2026-02-26	05:16	06:52	12:29	15:22	17:57	19:21
2026-02-27	05:14	06:50	12:29	15:23	17:59	19:22
2026-02-28	05:12	06:48	12:29	15:24	18:00	19:24
2026-03-01	05:10	06:46	12:29	15:25	18:02	19:25
2026-03-02	05:08	06:44	12:29	15:26	18:03	19:27
2026-03-03	05:06	06:42	12:28	15:27	18:05	19:28
2026-03-04	05:04	06:40	12:28	15:28	18:06	19:30
2026-03-05	05:02	06:38	12:28	15:29	18:08	19:31
2026-03-06	05:00	06:36	12:28	15:30	18:09	19:33
2026-03-07	04:58	06:34	12:28	15:31	18:11	19:35
2026-03-08	04:56	06:32	12:27	15:32	18:12	19:36
2026-03-09	04:54	06:30	12:27	15:33	18:14	19:38
2026-03-10	04:52	06:28	12:27	15:34	18:15	19:39
2026-03-11	04:50	06:26	12:27	15:35	18:17	19:41
2026-03-12	04:48	06:24	12:26	15:36	18:18	19:42
2026-03-13	04:46	06:22	12:26	15:37	18:20	19:44
2026-03-14	04:44	06:20	12:26	15:38	18:21	19:45
2026-03-15	04:42	06:18	12:25	15:39	18:23	19:47
2026-03-16	04:39	06:16	12:25	15:40	18:24	19:48
2026-03-17	04:37	06:14	12:25	15:41	18:26	19:50
2026-03-18	04:35	06:12	12:25	15:42	18:27	19:52
2026-03-19	04:33	06:10	12:24	15:42	18:28	19:53
2026-03-20	04:31	06:08	12:24	15:43	18:30	19:55
2026-03-21	04:28	06:06	12:24	15:44	18:31	19:56
2026-03-22	04:26	06:04	12:23	15:45	18:33	19:58
2026-03-23	04:24	06:02	12:23	15:46	18:34	20:00
2026-03-24	04:21	06:00	12:23	15:47	18:36	20:01
2026-03-25	04:19	05:58	12:23	15:47	18:37	20:03
2026-03-26	04:17	05:56	12:22	15:48	18:39	20:05
2026-03-27	04:14	05:54	12:22	15:49	18:40	20:06
2026-03-28	04:12	05:52	12:22	15:50	18:41	20:08
2026-03-29	05:10	06:50	13:21	16:51	19:43	21:10
2026-03-30	05:07	06:48	13:21	16:51	19:44	21:11
2026-03-31	05:05	06:46	13:21	16:52	19:46	21:13
2026-04-01	05:02	06:44	13:20	16:53	19:47	21:15
2026-04-02	05:00	06:42	13:20	16:53	19:49	21:17
2026-04-03	04:58	06:40	13:20	16:54	19:50	21:18
2026-04-04	04:55	06:38	13:20	16:55	19:52	21:20
2026-04-05	04:53	06:36	13:19	16:56	19:53	21:22
2026-04-06	04:50	06:34	13:19	16:56	19:54	21:24
2026-04-07	04:48	06:32	13:19	16:57	19:56	21:26
2026-04-08	04:45	06:30	13:18	16:58	19:57	21:27
2026-04-09	04:43	06:28	13:18	16:58	19:59	21:29
2026-04-10	04:40	06:26	13:18	16:59	20:00	21:31
2026-04-11	04:38	06:24	13:18	17:00	20:02	21:33
2026-04-12	04:35	06:22	13:17	17:00	20:03	21:35
2026-04-13	04:33	06:20	13:17	17:01	20:04	21:37
2026-04-14	04:30	06:18	13:17	17:01	20:06	21:39
2026-04-15	04:28	06:16	13:17	17:02	20:07	21:41
2026-04-16	04:25	06:14	13:16	17:03	20:09	21:43
2026-04-17	04:22	06:12	13:16	17:03	20:10	21:45
2026-04-18	04:20	06:10	13:16	17:04	20:12	21:46
2026-04-19	04:17	06:08	13:16	17:05	20:13	21:48
2026-04-20	04:15	06:06	13:15	17:05	20:14	21:50
2026-04-21	04:12	06:05	13:15	17:06	20:16	21:52
2026-04-22	04:10	06:03	13:15	17:06	20:17	21:55
2026-04-23	04:07	06:01	13:15	17:07	20:19	21:57
2026-04-24	04:04	05:59	13:15	17:07	20:20	21:59
2026-04-25	04:02	05:57	13:14	17:08	20:21	22:01
2026-04-26	03:59	05:56	13:14	17:09	20:23	22:03
2026-04-27	03:56	05:54	13:14	17:09	20:24	22:05
2026-04-28	03:54	05:52	13:14	17:10	20:26	22:07
2026-04-29	03:51	05:51	13:14	17:10	20:27	22:09
2026-04-30	03:49	05:49	13:14	17:11	20:29	22:11
2026-05-01	03:46	05:47	13:14	17:11	20:30	22:13
2026-05-02	03:43	05:46	13:13	17:12	20:31	22:16
2026-05-03	03:42	05:44	13:13	17:12	20:33	22:18
2026-05-04	03:41	05:42	13:13	17:13	20:34	22:20
2026-05-05	03:41	05:41	13:13	17:13	20:36	22:22
2026-05-06	03:40	05:39	13:13	17:14	20:37	22:24
2026-05-07	03:40	05:38	13:13	17:14	20:38	22:26
2026-05-08	03:39	05:36	13:13	17:15	20:40	22:29
2026-05-09	03:39	05:35	13:13	17:15	20:41	22:31
2026-05-10	03:39	05:33	13:13	17:16	20:42	22:33
2026-05-11	03:38	05:32	13:13	17:16	20:44	22:33
2026-05-12	03:38	05:31	13:13	17:17	20:45	22:34
2026-05-13	03:37	05:29	13:13	17:17	20:46	22:34
2026-05-14	03:37	05:28	13:13	17:18	20:48	22:35
2026-05-15	03:37	05:27	13:13	17:18	20:49	22:35
2026-05-16	03:36	05:25	13:13	17:19	20:50	22:36
2026-05-17	03:36	05:24	13:13	17:19	20:52	22:36
2026-05-18	03:35	05:23	13:13	17:20	20:53	22:37
2026-05-19	03:35	05:22	13:13	17:20	20:54	22:37
2026-05-20	03:35	05:21	13:13	17:21	20:55	22:38
2026-05-21	03:34	05:20	13:13	17:21	20:56	22:38
2026-05-22	03:34	05:18	13:13	17:22	20:58	22:39
2026-05-23	03:33	05:17	13:13	17:22	20:59	22:39
2026-05-24	03:33	05:16	13:13	17:22	21:00	22:40
2026-05-25	03:33	05:15	13:13	17:23	21:01	22:40
2026-05-26	03:32	05:15	13:13	17:23	21:02	22:41
2026-05-27	03:32	05:14	13:14	17:24	21:03	22:41
2026-05-28	03:31	05:13	13:14	17:24	21:04	22:41
2026-05-29	03:31	05:12	13:14	17:25	21:05	22:42
2026-05-30	03:30	05:11	13:14	17:25	21:06	22:42
2026-05-31	03:30	05:11	13:14	17:25	21:07	22:43
2026-06-01	03:30	05:10	13:14	17:26	21:08	22:43
2026-06-02	03:29	05:09	13:14	17:26	21:09	22:44
2026-06-03	03:29	05:09	13:15	17:27	21:10	22:44
2026-06-04	03:28	05:08	13:15	17:27	21:11	22:45
2026-06-05	03:28	05:08	13:15	17:27	21:12	22:45
2026-06-06	03:28	05:07	13:15	17:28	21:13	22:46
2026-06-07	03:27	05:07	13:15	17:28	21:14	22:46
2026-06-08	03:27	05:06	13:15	17:29	21:14	22:47
2026-06-09	03:26	05:06	13:16	17:29	21:15	22:47
2026-06-10	03:26	05:06	13:16	17:29	21:16	22:48
2026-06-11	03:26	05:06	13:16	17:30	21:16	22:48
2026-06-12	03:25	05:05	13:16	17:30	21:17	22:49
2026-06-13	03:25	05:05	13:16	17:30	21:18	22:49
2026-06-14	03:24	05:05	13:17	17:30	21:18	22:50
2026-06-15	03:24	05:05	13:17	17:31	21:19	22:50
2026-06-16	03:24	05:05	13:17	17:31	21:19	22:51
2026-06-17	03:23	05:05	13:17	17:31	21:20	22:51
2026-06-18	03:23	05:05	13:17	17:32	21:20	22:52
2026-06-19	03:22	05:05	13:18	17:32	21:20	22:52
2026-06-20	03:22	05:05	13:18	17:32	21:21	22:53
2026-06-21	03:22	05:05	13:18	17:32	21:21	22:53
2026-06-22	03:22	05:06	13:18	17:33	21:21	22:53
2026-06-23	03:22	05:06	13:19	17:33	21:21	22:52
2026-06-24	03:23	05:06	13:19	17:33	21:21	22:52
2026-06-25	03:23	05:07	13:19	17:33	21:21	22:51
2026-06-26	03:24	05:07	13:19	17:33	21:21	22:51
2026-06-27	03:24	05:07	13:19	17:33	21:21	22:51
2026-06-28	03:25	05:08	13:20	17:34	21:21	22:50
2026-06-29	03:25	05:08	13:20	17:34	21:21	22:50
2026-06-30	03:25	05:09	13:20	17:34	21:21	22:49
2026-07-01	03:26	05:09	13:20	17:34	21:21	22:49
2026-07-02	03:26	05:10	13:20	17:34	21:21	22:49
2026-07-03	03:27	05:11	13:21	17:34	21:20	22:48
2026-07-04	03:27	05:11	13:21	17:34	21:20	22:48
2026-07-05	03:28	05:12	13:21	17:34	21:20	22:47
2026-07-06	03:28	05:13	13:21	17:34	21:19	22:47
2026-07-07	03:28	05:14	13:21	17:34	21:19	22:46
2026-07-08	03:29	05:14	13:21	17:34	21:18	22:46
2026-07-09	03:29	05:15	13:22	17:34	21:18	22:46
2026-07-10	03:30	05:16	13:22	17:34	21:17	22:45
2026-07-11	03:30	05:17	13:22	17:34	21:17	22:45
2026-07-12	03:31	05:18	13:22	17:34	21:16	22:44
2026-07-13	03:31	05:19	13:22	17:34	21:15	22:44
2026-07-14	03:32	05:20	13:22	17:33	21:15	22:43
2026-07-15	03:32	05:21	13:22	17:33	21:14	22:43
2026-07-16	03:32	05:22	13:22	17:33	21:13	22:43
2026-07-17	03:33	05:23	13:23	17:33	21:12	22:42
2026-07-18	03:33	05:24	13:23	17:33	21:11	22:42
2026-07-19	03:34	05:25	13:23	17:32	21:10	22:41
2026-07-20	03:34	05:26	13:23	17:32	21:09	22:41
2026-07-21	03:35	05:27	13:23	17:32	21:08	22:40
2026-07-22	03:35	05:28	13:23	17:31	21:07	22:40
2026-07-23	03:35	05:30	13:23	17:31	21:06	22:40
2026-07-24	03:36	05:31	13:23	17:31	21:05	22:39
2026-07-25	03:36	05:32	13:23	17:30	21:04	22:39
2026-07-26	03:37	05:33	13:23	17:30	21:03	22:38
2026-07-27	03:37	05:34	13:23	17:29	21:01	22:38
2026-07-28	03:38	05:36	13:23	17:29	21:00	22:37
2026-07-29	03:38	05:37	13:23	17:28	20:59	22:37
2026-07-30	03:38	05:38	13:23	17:28	20:58	22:37
2026-07-31	03:39	05:39	13:23	17:27	20:56	22:36
2026-08-01	03:39	05:41	13:23	17:27	20:55	22:36
2026-08-02	03:40	05:42	13:23	17:26	20:53	22:35
2026-08-03	03:40	05:43	13:23	17:26	20:52	22:35
2026-08-04	03:41	05:45	13:23	17:25	20:51	22:34
2026-08-05	03:41	05:46	13:22	17:24	20:49	22:34
2026-08-06	03:42	05:47	13:22	17:24	20:48	22:34
2026-08-07	03:42	05:48	13:22	17:23	20:46	22:33
2026-08-08	03:44	05:50	13:22	17:22	20:44	22:31
2026-08-09	03:47	05:51	13:22	17:22	20:43	22:29
2026-08-10	03:49	05:52	13:22	17:21	20:41	22:26
2026-08-11	03:52	05:54	13:22	17:20	20:40	22:24
2026-08-12	03:54	05:55	13:22	17:19	20:38	22:21
2026-08-13	03:56	05:56	13:21	17:18	20:36	22:19
2026-08-14	03:59	05:58	13:21	17:18	20:35	22:17
2026-08-15	04:01	05:59	13:21	17:17	20:33	22:14
2026-08-16	04:03	06:01	13:21	17:16	20:31	22:12
2026-08-17	04:05	06:02	13:21	17:15	20:29	22:09
2026-08-18	04:07	06:03	13:20	17:14	20:28	22:07
2026-08-19	04:10	06:05	13:20	17:13	20:26	22:04
2026-08-20	04:12	06:06	13:20	17:12	20:24	22:02
2026-08-21	04:14	06:07	13:20	17:11	20:22	21:59
2026-08-22	04:16	06:09	13:19	17:10	20:20	21:57
2026-08-23	04:18	06:10	13:19	17:09	20:18	21:55
2026-08-24	04:20	06:11	13:19	17:08	20:16	21:52
2026-08-25	04:22	06:13	13:19	17:07	20:15	21:50
2026-08-26	04:24	06:14	13:18	17:06	20:13	21:47
2026-08-27	04:26	06:15	13:18	17:05	20:11	21:45
2026-08-28	04:28	06:17	13:18	17:04	20:09	21:42
2026-08-29	04:30	06:18	13:17	17:02	20:07	21:40
2026-08-30	04:32	06:19	13:17	17:01	20:05	21:37
2026-08-31	04:34	06:21	13:17	17:00	20:03	21:35
2026-09-01	04:36	06:22	13:17	16:59	20:01	21:33
2026-09-02	04:38	06:24	13:16	16:58	19:59	21:30
2026-09-03	04:40	06:25	13:16	16:56	19:57	21:28
2026-09-04	04:42	06:26	13:16	16:55	19:55	21:25
2026-09-05	04:44	06:28	13:15	16:54	19:53	21:23
2026-09-06	04:45	06:29	13:15	16:53	19:51	21:21
2026-09-07	04:47	06:30	13:15	16:51	19:49	21:18
2026-09-08	04:49	06:32	13:14	16:50	19:47	21:16
2026-09-09	04:51	06:33	13:14	16:49	19:45	21:13
2026-09-10	04:53	06:34	13:14	16:47	19:43	21:11
2026-09-11	04:54	06:36	13:13	16:46	19:41	21:09
2026-09-12	04:56	06:37	13:13	16:45	19:39	21:06
2026-09-13	04:58	06:38	13:12	16:43	19:37	21:04
2026-09-14	04:59	06:40	13:12	16:42	19:35	21:02
2026-09-15	05:01	06:41	13:12	16:40	19:32	20:59
2026-09-16	05:03	06:42	13:11	16:39	19:30	20:57
2026-09-17	05:05	06:44	13:11	16:38	19:28	20:55
2026-09-18	05:06	06:45	13:11	16:36	19:26	20:52
2026-09-19	05:08	06:47	13:10	16:35	19:24	20:50
2026-09-20	05:09	06:48	13:10	16:33	19:22	20:48
2026-09-21	05:11	06:49	13:10	16:32	19:20	20:45
2026-09-22	05:13	06:51	13:09	16:30	19:18	20:43
2026-09-23	05:14	06:52	13:09	16:29	19:16	20:41
2026-09-24	05:16	06:53	13:09	16:27	19:14	20:39
2026-09-25	05:17	06:55	13:08	16:26	19:12	20:37
2026-09-26	05:19	06:56	13:08	16:24	19:10	20:34
2026-09-27	05:21	06:57	13:08	16:23	19:08	20:32
2026-09-28	05:22	06:59	13:07	16:21	19:06	20:30
2026-09-29	05:24	07:00	13:07	16:20	19:04	20:28
2026-09-30	05:25	07:02	13:07	16:18	19:01	20:26
2026-10-01	05:27	07:03	13:06	16:17	18:59	20:23
2026-10-02	05:28	07:04	13:06	16:15	18:57	20:21
2026-10-03	05:30	07:06	13:06	16:14	18:55	20:19
2026-10-04	05:31	07:07	13:05	16:12	18:53	20:17
2026-10-05	05:33	07:09	13:05	16:11	18:51	20:15
2026-10-06	05:34	07:10	13:05	16:09	18:49	20:13
2026-10-07	05:36	07:11	13:04	16:08	18:47	20:11
2026-10-08	05:37	07:13	13:04	16:06	18:45	20:09
2026-10-09	05:38	07:14	13:04	16:05	18:43	20:07
2026-10-10	05:40	07:16	13:04	16:03	18:41	20:05
2026-10-11	05:41	07:17	13:03	16:02	18:39	20:03
2026-10-12	05:43	07:19	13:03	16:00	18:37	20:01
2026-10-13	05:44	07:20	13:03	15:59	18:35	19:59
2026-10-14	05:46	07:21	13:03	15:57	18:34	19:57
2026-10-15	05:47	07:23	13:02	15:56	18:32	19:56
2026-10-16	05:48	07:24	13:02	15:54	18:30	19:54
2026-10-17	05:50	07:26	13:02	15:53	18:28	19:52
2026-10-18	05:51	07:27	13:02	15:51	18:26	19:50
2026-10-19	05:53	07:29	13:01	15:50	18:24	19:48
2026-10-20	05:54	07:30	13:01	15:49	18:22	19:46
2026-10-21	05:56	07:32	13:01	15:47	18:20	19:45
2026-10-22	05:57	07:33	13:01	15:46	18:19	19:43
2026-10-23	05:58	07:35	13:01	15:44	18:17	19:41
2026-10-24	06:00	07:36	13:01	15:43	18:15	19:40
2026-10-25	05:01	06:38	12:01	14:41	17:13	18:38
2026-10-26	05:02	06:39	12:00	14:40	17:12	18:36
2026-10-27	05:04	06:41	12:00	14:39	17:10	18:35
2026-10-28	05:05	06:42	12:00	14:37	17:08	18:33
2026-10-29	05:07	06:44	12:00	14:36	17:06	18:32
2026-10-30	05:08	06:45	12:00	14:35	17:05	18:30
2026-10-31	05:09	06:47	12:00	14:33	17:03	18:29
2026-11-01	05:11	06:48	12:00	14:32	17:02	18:27
2026-11-02	05:12	06:50	12:00	14:31	17:00	18:26
2026-11-03	05:13	06:51	12:00	14:30	16:58	18:25
2026-11-04	05:15	06:53	12:00	14:29	16:57	18:23
2026-11-05	05:16	06:55	12:00	14:27	16:55	18:22
2026-11-06	05:17	06:56	12:00	14:26	16:54	18:21
2026-11-07	05:19	06:58	12:00	14:25	16:53	18:19
2026-11-08	05:20	06:59	12:00	14:24	16:51	18:18
2026-11-09	05:21	07:01	12:00	14:23	16:50	18:17
2026-11-10	05:23	07:02	12:00	14:22	16:48	18:16
2026-11-11	05:24	07:04	12:00	14:21	16:47	18:15
2026-11-12	05:25	07:05	12:00	14:20	16:46	18:14
2026-11-13	05:26	07:07	12:01	14:19	16:45	18:13
2026-11-14	05:28	07:08	12:01	14:18	16:43	18:12
2026-11-15	05:29	07:10	12:01	14:17	16:42	18:11
2026-11-16	05:30	07:11	12:01	14:16	16:41	18:10
2026-11-17	05:31	07:13	12:01	14:15	16:40	18:09
2026-11-18	05:33	07:14	12:01	14:14	16:39	18:08
2026-11-19	05:34	07:16	12:02	14:13	16:38	18:07
2026-11-20	05:35	07:17	12:02	14:13	16:37	18:06
2026-11-21	05:36	07:19	12:02	14:12	16:36	18:06
2026-11-22	05:38	07:20	12:02	14:11	16:35	18:05
2026-11-23	05:39	07:21	12:03	14:11	16:34	18:04
2026-11-24	05:40	07:23	12:03	14:10	16:33	18:04
2026-11-25	05:41	07:24	12:03	14:09	16:32	18:03
2026-11-26	05:42	07:26	12:04	14:09	16:32	18:03
2026-11-27	05:43	07:27	12:04	14:08	16:31	18:02
2026-11-28	05:44	07:28	12:04	14:08	16:30	18:02
2026-11-29	05:46	07:29	12:05	14:07	16:30	18:01
2026-11-30	05:47	07:31	12:05	14:07	16:29	18:01
2026-12-01	05:48	07:32	12:05	14:07	16:28	18:00
2026-12-02	05:49	07:33	12:06	14:06	16:28	18:00
2026-12-03	05:50	07:34	12:06	14:06	16:28	18:00
2026-12-04	05:51	07:36	12:06	14:06	16:27	18:00
2026-12-05	05:52	07:37	12:07	14:06	16:27	18:00
2026-12-06	05:53	07:38	12:07	14:05	16:26	17:59
2026-12-07	05:54	07:39	12:08	14:05	16:26	17:59
2026-12-08	05:55	07:40	12:08	14:05	16:26	17:59
2026-12-09	05:55	07:41	12:09	14:05	16:26	17:59
2026-12-10	05:56	07:42	12:09	14:05	16:26	17:59
2026-12-11	05:57	07:43	12:09	14:05	16:26	17:59
2026-12-12	05:58	07:44	12:10	14:05	16:26	17:59
2026-12-13	05:59	07:45	12:10	14:05	16:26	18:00
2026-12-14	05:59	07:46	12:11	14:06	16:26	18:00
2026-12-15	06:00	07:47	12:11	14:06	16:26	18:00
2026-12-16	06:01	07:47	12:12	14:06	16:26	18:00
2026-12-17	06:02	07:48	12:12	14:06	16:26	18:00
2026-12-18	06:02	07:49	12:13	14:07	16:27	18:01
2026-12-19	06:03	07:49	12:13	14:07	16:27	18:01
2026-12-20	06:03	07:50	12:14	14:07	16:27	18:02
2026-12-21	06:04	07:51	12:14	14:08	16:28	18:02
2026-12-22	06:04	07:51	12:15	14:08	16:28	18:03
2026-12-23	06:05	07:52	12:15	14:09	16:29	18:03
2026-12-24	06:05	07:52	12:16	14:09	16:29	18:04
2026-12-25	06:06	07:52	12:16	14:10	16:30	18:04
2026-12-26	06:06	07:53	12:17	14:11	16:31	18:05
2026-12-27	06:06	07:53	12:17	14:11	16:31	18:05
2026-12-28	06:07	07:53	12:18	14:12	16:32	18:06
2026-12-29	06:07	07:53	12:18	14:13	16:33	18:07
2026-12-30	06:07	07:54	12:19	14:14	16:34	18:08
2026-12-31	06:07	07:54	12:19	14:14	16:35	18:08
2027-01-01	06:08	07:54	12:20	14:15	16:36	18:09
2027-01-02	06:08	07:54	12:20	14:16	16:37	18:10
2027-01-03	06:08	07:54	12:21	14:17	16:38	18:11
2027-01-04	06:08	07:53	12:21	14:18	16:39	18:12
2027-01-05	06:08	07:53	12:21	14:19	16:40	18:13
2027-01-06	06:08	07:53	12:22	14:20	16:41	18:14
2027-01-07	06:08	07:53	12:22	14:21	16:42	18:15
2027-01-08	06:08	07:53	12:23	14:22	16:43	18:16
2027-01-09	06:07	07:52	12:23	14:23	16:44	18:17
2027-01-10	06:07	07:52	12:24	14:24	16:45	18:18
2027-01-11	06:07	07:51	12:24	14:25	16:47	18:19
2027-01-12	06:07	07:51	12:24	14:26	16:48	18:20
2027-01-13	06:06	07:50	12:25	14:27	16:49	18:21
2027-01-14	06:06	07:50	12:25	14:28	16:51	18:22
2027-01-15	06:06	07:49	12:26	14:29	16:52	18:23
2027-01-16	06:05	07:49	12:26	14:31	16:53	18:24
2027-01-17	06:05	07:48	12:26	14:32	16:55	18:26
2027-01-18	06:04	07:47	12:27	14:33	16:56	18:27
2027-01-19	06:04	07:46	12:27	14:34	16:57	18:28
2027-01-20	06:03	07:45	12:27	14:35	16:59	18:29
2027-01-21	06:02	07:45	12:27	14:37	17:00	18:31
2027-01-22	06:02	07:44	12:28	14:38	17:02	18:32
2027-01-23	06:01	07:43	12:28	14:39	17:03	18:33
2027-01-24	06:00	07:42	12:28	14:40	17:05	18:34
2027-01-25	05:59	07:41	12:29	14:42	17:06	18:36
2027-01-26	05:59	07:40	12:29	14:43	17:08	18:37
2027-01-27	05:58	07:39	12:29	14:44	17:09	18:38
2027-01-28	05:57	07:37	12:29	14:46	17:11	18:40
2027-01-29	05:56	07:36	12:29	14:47	17:13	18:41
2027-01-30	05:55	07:35	12:30	14:48	17:14	18:42
2027-01-31	05:54	07:34	12:30	14:49	17:16	18:44
2027-02-01	05:53	07:32	12:30	14:51	17:17	18:45
2027-02-02	05:52	07:31	12:30	14:52	17:19	18:46
2027-02-03	05:51	07:30	12:30	14:53	17:20	18:48
2027-02-04	05:49	07:28	12:30	14:55	17:22	18:49
2027-02-05	05:48	07:27	12:30	14:56	17:24	18:50
2027-02-06	05:47	07:26	12:30	14:57	17:25	18:52
2027-02-07	05:46	07:24	12:30	14:58	17:27	18:53
2027-02-08	05:44	07:23	12:31	15:00	17:28	18:55
2027-02-09	05:43	07:21	12:31	15:01	17:30	18:56
2027-02-10	05:42	07:20	12:31	15:02	17:32	18:57
2027-02-11	05:40	07:18	12:31	15:04	17:33	18:59
2027-02-12	05:39	07:16	12:31	15:05	17:35	19:00
2027-02-13	05:38	07:15	12:31	15:06	17:36	19:02
2027-02-14	05:36	07:13	12:31	15:07	17:38	19:03
2027-02-15	05:35	07:12	12:31	15:09	17:39	19:05
2027-02-16	05:33	07:10	12:30	15:10	17:41	19:06
2027-02-17	05:31	07:08	12:30	15:11	17:43	19:07
2027-02-18	05:30	07:06	12:30	15:12	17:44	19:09
2027-02-19	05:28	07:05	12:30	15:13	17:46	19:10
2027-02-20	05:27	07:03	12:30	15:15	17:47	19:12
2027-02-21	05:25	07:01	12:30	15:16	17:49	19:13
2027-02-22	05:23	06:59	12:30	15:17	17:50	19:15
2027-02-23	05:21	06:58	12:30	15:18	17:52	19:16
2027-02-24	05:20	06:56	12:30	15:19	17:54	19:18
2027-02-25	05:18	06:54	12:30	15:20	17:55	19:19
2027-02-26	05:16	06:52	12:29	15:21	17:57	19:21
2027-02-27	05:14	06:50	12:29	15:23	17:58	19:22
2027-02-28	05:12	06:48	12:29	15:24	18:00	19:24
2027-03-01	05:11	06:46	12:29	15:25	18:01	19:25
2027-03-02	05:09	06:44	12:29	15:26	18:03	19:27
2027-03-03	05:07	06:43	12:28	15:27	18:04	19:28
2027-03-04	05:05	06:41	12:28	15:28	18:06	19:30
2027-03-05	05:03	06:39	12:28	15:29	18:07	19:31
2027-03-06	05:01	06:37	12:28	15:30	18:09	19:33
2027-03-07	04:59	06:35	12:28	15:31	18:10	19:34
2027-03-08	04:57	06:33	12:27	15:32	18:12	19:36
2027-03-09	04:55	06:31	12:27	15:33	18:13	19:37
2027-03-10	04:53	06:29	12:27	15:34	18:15	19:39
2027-03-11	04:51	06:27	12:27	15:35	18:16	19:40
2027-03-12	04:49	06:25	12:26	15:36	18:18	19:42
2027-03-13	04:46	06:23	12:26	15:37	18:19	19:43
2027-03-14	04:44	06:21	12:26	15:38	18:21	19:45
2027-03-15	04:42	06:19	12:26	15:39	18:22	19:47
2027-03-16	04:40	06:17	12:25	15:40	18:24	19:48
2027-03-17	04:38	06:15	12:25	15:40	18:25	19:50
2027-03-18	04:36	06:13	12:25	15:41	18:27	19:51
2027-03-19	04:33	06:11	12:24	15:42	18:28	19:53
2027-03-20	04:31	06:09	12:24	15:43	18:30	19:54
2027-03-21	04:29	06:07	12:24	15:44	18:31	19:56
2027-03-22	04:27	06:05	12:23	15:45	18:32	19:58
2027-03-23	04:24	06:02	12:23	15:46	18:34	19:59
2027-03-24	04:22	06:00	12:23	15:46	18:35	20:01
2027-03-25	04:20	05:58	12:23	15:47	18:37	20:03
2027-03-26	04:17	05:56	12:22	15:48	18:38	20:04
2027-03-27	04:15	05:54	12:22	15:49	18:40	20:06
2027-03-28	05:13	06:52	13:22	16:50	19:41	21:08
2027-03-29	05:10	06:50	13:21	16:50	19:43	21:09
2027-03-30	05:08	06:48	13:21	16:51	19:44	21:11
2027-03-31	05:05	06:46	13:21	16:52	19:45	21:13
2027-04-01	05:03	06:44	13:20	16:53	19:47	21:15
2027-04-02	05:01	06:42	13:20	16:53	19:48	21:16
2027-04-03	04:58	06:40	13:20	16:54	19:50	21:18
2027-04-04	04:56	06:38	13:20	16:55	19:51	21:20
2027-04-05	04:53	06:36	13:19	16:55	19:53	21:22
2027-04-06	04:51	06:34	13:19	16:56	19:54	21:23
2027-04-07	04:48	06:32	13:19	16:57	19:55	21:25
2027-04-08	04:46	06:30	13:18	16:57	19:57	21:27
2027-04-09	04:43	06:28	13:18	16:58	19:58	21:29
2027-04-10	04:41	06:26	13:18	16:59	20:00	21:31
2027-04-11	04:38	06:24	13:18	16:59	20:01	21:33
2027-04-12	04:36	06:22	13:17	17:00	20:03	21:34
2027-04-13	04:33	06:20	13:17	17:01	20:04	21:36
2027-04-14	04:31	06:18	13:17	17:01	20:05	21:38
2027-04-15	04:28	06:16	13:17	17:02	20:07	21:40
2027-04-16	04:26	06:14	13:16	17:03	20:08	21:42
2027-04-17	04:23	06:13	13:16	17:03	20:10	21:44
2027-04-18	04:21	06:11	13:16	17:04	20:11	21:46
2027-04-19	04:18	06:09	13:16	17:04	20:13	21:48
2027-04-20	04:15	06:07	13:15	17:05	20:14	21:50
2027-04-21	04:13	06:05	13:15	17:06	20:15	21:52
2027-04-22	04:10	06:03	13:15	17:06	20:17	21:54
2027-04-23	04:08	06:01	13:15	17:07	20:18	21:56
2027-04-24	04:05	06:00	13:15	17:07	20:20	21:58
2027-04-25	04:02	05:58	13:14	17:08	20:21	22:00
2027-04-26	04:00	05:56	13:14	17:08	20:23	22:02
2027-04-27	03:57	05:54	13:14	17:09	20:24	22:04
2027-04-28	03:55	05:53	13:14	17:10	20:25	22:06
2027-04-29	03:52	05:51	13:14	17:10	20:27	22:09
2027-04-30	03:49	05:49	13:14	17:11	20:28	22:11
2027-05-01	03:47	05:48	13:14	17:11	20:30	22:13
2027-05-02	03:44	05:46	13:13	17:12	20:31	22:15
2027-05-03	03:41	05:44	13:13	17:12	20:32	22:17
2027-05-04	03:41	05:43	13:13	17:13	20:34	22:19
2027-05-05	03:41	05:41	13:13	17:13	20:35	22:22
2027-05-06	03:40	05:40	13:13	17:14	20:37	22:24
2027-05-07	03:40	05:38	13:13	17:14	20:38	22:26
2027-05-08	03:39	05:37	13:13	17:15	20:39	22:28
2027-05-09	03:39	05:35	13:13	17:15	20:41	22:30
2027-05-10	03:39	05:34	13:13	17:16	20:42	22:33
2027-05-11	03:38	05:32	13:13	17:16	20:43	22:33
2027-05-12	03:38	05:31	13:13	17:17	20:45	22:34
2027-05-13	03:37	05:30	13:13	17:17	20:46	22:34
2027-05-14	03:37	05:28	13:13	17:18	20:47	22:35
2027-05-15	03:37	05:27	13:13	17:18	20:49	22:35
2027-05-16	03:36	05:26	13:13	17:19	20:50	22:36
2027-05-17	03:36	05:24	13:13	17:19	20:51	22:36
2027-05-18	03:35	05:23	13:13	17:20	20:52	22:37
2027-05-19	03:35	05:22	13:13	17:20	20:54	22:37
2027-05-20	03:35	05:21	13:13	17:21	20:55	22:38
2027-05-21	03:34	05:20	13:13	17:21	20:56	22:38
2027-05-22	03:34	05:19	13:13	17:21	20:57	22:39
2027-05-23	03:33	05:18	13:13	17:22	20:59	22:39
2027-05-24	03:33	05:17	13:13	17:22	21:00	22:39
2027-05-25	03:32	05:16	13:13	17:23	21:01	22:40
2027-05-26	03:32	05:15	13:13	17:23	21:02	22:40
2027-05-27	03:32	05:14	13:13	17:24	21:03	22:41
2027-05-28	03:31	05:13	13:14	17:24	21:04	22:41
2027-05-29	03:31	05:12	13:14	17:25	21:05	22:42
2027-05-30	03:30	05:12	13:14	17:25	21:06	22:42
2027-05-31	03:30	05:11	13:14	17:25	21:07	22:43
2027-06-01	03:30	05:10	13:14	17:26	21:08	22:43
2027-06-02	03:29	05:09	13:14	17:26	21:09	22:44
2027-06-03	03:29	05:09	13:14	17:27	21:10	22:44
2027-06-04	03:28	05:08	13:15	17:27	21:11	22:45
2027-06-05	03:28	05:08	13:15	17:27	21:12	22:45
2027-06-06	03:28	05:07	13:15	17:28	21:13	22:46
2027-06-07	03:27	05:07	13:15	17:28	21:13	22:46
2027-06-08	03:27	05:06	13:15	17:28	21:14	22:47
2027-06-09	03:26	05:06	13:16	17:29	21:15	22:47
2027-06-10	03:26	05:06	13:16	17:29	21:16	22:48
2027-06-11	03:26	05:06	13:16	17:29	21:16	22:48
2027-06-12	03:25	05:05	13:16	17:30	21:17	22:49
2027-06-13	03:25	05:05	13:16	17:30	21:17	22:49
2027-06-14	03:24	05:05	13:17	17:30	21:18	22:50
2027-06-15	03:24	05:05	13:17	17:31	21:19	22:50
2027-06-16	03:23	05:05	13:17	17:31	21:19	22:51
2027-06-17	03:23	05:05	13:17	17:31	21:19	22:51
2027-06-18	03:23	05:05	13:17	17:32	21:20	22:52
2027-06-19	03:22	05:05	13:18	17:32	21:20	22:52
2027-06-20	03:22	05:05	13:18	17:32	21:20	22:53
2027-06-21	03:21	05:05	13:18	17:32	21:21	22:53
2027-06-22	03:22	05:06	13:18	17:33	21:21	22:53
2027-06-23	03:22	05:06	13:19	17:33	21:21	22:52
2027-06-24	03:23	05:06	13:19	17:33	21:21	22:52
2027-06-25	03:23	05:06	13:19	17:33	21:21	22:51
2027-06-26	03:24	05:07	13:19	17:33	21:21	22:51
2027-06-27	03:24	05:07	13:19	17:33	21:21	22:51
2027-06-28	03:24	05:08	13:20	17:34	21:21	22:50
2027-06-29	03:25	05:08	13:20	17:34	21:21	22:50
2027-06-30	03:25	05:09	13:20	17:34	21:21	22:49
2027-07-01	03:26	05:09	13:20	17:34	21:21	22:49
2027-07-02	03:26	05:10	13:20	17:34	21:21	22:48
2027-07-03	03:27	05:11	13:21	17:34	21:21	22:48
2027-07-04	03:27	05:11	13:21	17:34	21:20	22:48
2027-07-05	03:28	05:12	13:21	17:34	21:20	22:47
2027-07-06	03:28	05:13	13:21	17:34	21:19	22:47
2027-07-07	03:28	05:13	13:21	17:34	21:19	22:46
2027-07-08	03:29	05:14	13:21	17:34	21:19	22:46
2027-07-09	03:29	05:15	13:22	17:34	21:18	22:45
2027-07-10	03:30	05:16	13:22	17:34	21:17	22:45
2027-07-11	03:30	05:17	13:22	17:34	21:17	22:45
2027-07-12	03:31	05:18	13:22	17:34	21:16	22:44
2027-07-13	03:31	05:19	13:22	17:34	21:16	22:44
2027-07-14	03:31	05:20	13:22	17:33	21:15	22:43
2027-07-15	03:32	05:21	13:22	17:33	21:14	22:43
2027-07-16	03:32	05:22	13:22	17:33	21:13	22:43
2027-07-17	03:33	05:23	13:23	17:33	21:12	22:42
2027-07-18	03:33	05:24	13:23	17:33	21:11	22:42
2027-07-19	03:34	05:25	13:23	17:32	21:11	22:41
2027-07-20	03:34	05:26	13:23	17:32	21:10	22:41
2027-07-21	03:34	05:27	13:23	17:32	21:09	22:40
2027-07-22	03:35	05:28	13:23	17:31	21:08	22:40
2027-07-23	03:35	05:29	13:23	17:31	21:06	22:40
2027-07-24	03:36	05:31	13:23	17:31	21:05	22:39
2027-07-25	03:36	05:32	13:23	17:30	21:04	22:39
2027-07-26	03:37	05:33	13:23	17:30	21:03	22:38
2027-07-27	03:37	05:34	13:23	17:29	21:02	22:38
2027-07-28	03:38	05:35	13:23	17:29	21:01	22:37
2027-07-29	03:38	05:37	13:23	17:29	20:59	22:37
2027-07-30	03:38	05:38	13:23	17:28	20:58	22:37
2027-07-31	03:39	05:39	13:23	17:28	20:57	22:36
2027-08-01	03:39	05:40	13:23	17:27	20:55	22:36
2027-08-02	03:40	05:42	13:23	17:26	20:54	22:35
2027-08-03	03:40	05:43	13:23	17:26	20:52	22:35
2027-08-04	03:41	05:44	13:23	17:25	20:51	22:34
2027-08-05	03:41	05:46	13:23	17:25	20:49	22:34
2027-08-06	03:41	05:47	13:22	17:24	20:48	22:34
2027-08-07	03:42	05:48	13:22	17:23	20:46	22:33
2027-08-08	03:44	05:49	13:22	17:23	20:45	22:32
2027-08-09	03:46	05:51	13:22	17:22	20:43	22:29
2027-08-10	03:49	05:52	13:22	17:21	20:42	22:27
2027-08-11	03:51	05:53	13:22	17:20	20:40	22:24
2027-08-12	03:53	05:55	13:22	17:19	20:38	22:22
2027-08-13	03:56	05:56	13:21	17:19	20:37	22:20
2027-08-14	03:58	05:58	13:21	17:18	20:35	22:17
2027-08-15	04:00	05:59	13:21	17:17	20:33	22:15
2027-08-16	04:02	06:00	13:21	17:16	20:32	22:12
2027-08-17	04:05	06:02	13:21	17:15	20:30	22:10
2027-08-18	04:07	06:03	13:20	17:14	20:28	22:07
2027-08-19	04:09	06:04	13:20	17:13	20:26	22:05
2027-08-20	04:11	06:06	13:20	17:12	20:24	22:02
2027-08-21	04:13	06:07	13:20	17:11	20:23	22:00
2027-08-22	04:16	06:08	13:19	17:10	20:21	21:58
2027-08-23	04:18	06:10	13:19	17:09	20:19	21:55
2027-08-24	04:20	06:11	13:19	17:08	20:17	21:53
2027-08-25	04:22	06:12	13:19	17:07	20:15	21:50
2027-08-26	04:24	06:14	13:18	17:06	20:13	21:48
2027-08-27	04:26	06:15	13:18	17:05	20:11	21:45
2027-08-28	04:28	06:16	13:18	17:04	20:09	21:43
2027-08-29	04:30	06:18	13:18	17:03	20:07	21:40
2027-08-30	04:32	06:19	13:17	17:02	20:05	21:38
2027-08-31	04:34	06:20	13:17	17:00	20:03	21:36
2027-09-01	04:36	06:22	13:17	16:59	20:01	21:33
2027-09-02	04:38	06:23	13:16	16:58	19:59	21:31
2027-09-03	04:39	06:25	13:16	16:57	19:57	21:28
2027-09-04	04:41	06:26	13:16	16:55	19:55	21:26
2027-09-05	04:43	06:27	13:15	16:54	19:53	21:24
2027-09-06	04:45	06:29	13:15	16:53	19:51	21:21
2027-09-07	04:47	06:30	13:15	16:52	19:49	21:19
2027-09-08	04:49	06:31	13:14	16:50	19:47	21:16
2027-09-09	04:50	06:33	13:14	16:49	19:45	21:14
2027-09-10	04:52	06:34	13:14	16:48	19:43	21:12
2027-09-11	04:54	06:35	13:13	16:46	19:41	21:09
2027-09-12	04:56	06:37	13:13	16:45	19:39	21:07
2027-09-13	04:57	06:38	13:13	16:44	19:37	21:04
2027-09-14	04:59	06:39	13:12	16:42	19:35	21:02
2027-09-15	05:01	06:41	13:12	16:41	19:33	21:00
2027-09-16	05:02	06:42	13:12	16:39	19:31	20:57
2027-09-17	05:04	06:43	13:11	16:38	19:29	20:55
2027-09-18	05:06	06:45	13:11	16:37	19:27	20:53
2027-09-19	05:07	06:46	13:10	16:35	19:25	20:51
2027-09-20	05:09	06:48	13:10	16:34	19:23	20:48
2027-09-21	05:11	06:49	13:10	16:32	19:21	20:46
2027-09-22	05:12	06:50	13:09	16:31	19:18	20:44
2027-09-23	05:14	06:52	13:09	16:29	19:16	20:42
2027-09-24	05:15	06:53	13:09	16:28	19:14	20:39
2027-09-25	05:17	06:54	13:08	16:26	19:12	20:37
2027-09-26	05:19	06:56	13:08	16:25	19:10	20:35
2027-09-27	05:20	06:57	13:08	16:23	19:08	20:33
2027-09-28	05:22	06:59	13:07	16:22	19:06	20:30
2027-09-29	05:23	07:00	13:07	16:20	19:04	20:28
2027-09-30	05:25	07:01	13:07	16:19	19:02	20:26
2027-10-01	05:26	07:03	13:06	16:17	19:00	20:24
2027-10-02	05:28	07:04	13:06	16:16	18:58	20:22
2027-10-03	05:29	07:05	13:06	16:14	18:56	20:20
2027-10-04	05:31	07:07	13:05	16:13	18:54	20:18
2027-10-05	05:32	07:08	13:05	16:11	18:52	20:16
2027-10-06	05:34	07:10	13:05	16:10	18:50	20:14
2027-10-07	05:35	07:11	13:04	16:08	18:48	20:12
2027-10-08	05:37	07:13	13:04	16:07	18:46	20:10
2027-10-09	05:38	07:14	13:04	16:05	18:44	20:08
2027-10-10	05:40	07:15	13:04	16:04	18:42	20:06
2027-10-11	05:41	07:17	13:03	16:02	18:40	20:04
2027-10-12	05:42	07:18	13:03	16:01	18:38	20:02
2027-10-13	05:44	07:20	13:03	15:59	18:36	20:00
2027-10-14	05:45	07:21	13:03	15:58	18:34	19:58
2027-10-15	05:47	07:23	13:02	15:56	18:32	19:56
2027-10-16	05:48	07:24	13:02	15:55	18:30	19:54
2027-10-17	05:50	07:26	13:02	15:53	18:28	19:52
2027-10-18	05:51	07:27	13:02	15:52	18:26	19:50
2027-10-19	05:52	07:28	13:02	15:50	18:25	19:49
2027-10-20	05:54	07:30	13:01	15:49	18:23	19:47
2027-10-21	05:55	07:31	13:01	15:47	18:21	19:45
2027-10-22	05:57	07:33	13:01	15:46	18:19	19:43
2027-10-23	05:58	07:34	13:01	15:45	18:17	19:42
2027-10-24	05:59	07:36	13:01	15:43	18:15	19:40
2027-10-25	06:01	07:37	13:01	15:42	18:14	19:38
2027-10-26	06:02	07:39	13:00	15:40	18:12	19:37
2027-10-27	06:03	07:40	13:00	15:39	18:10	19:35
2027-10-28	06:05	07:42	13:00	15:38	18:09	19:34
2027-10-29	06:06	07:43	13:00	15:36	18:07	19:32
2027-10-30	06:08	07:45	13:00	15:35	18:05	19:31
2027-10-31	05:09	06:47	12:00	14:34	17:04	18:29
2027-11-01	05:10	06:48	12:00	14:33	17:02	18:28
2027-11-02	05:12	06:50	12:00	14:31	17:00	18:26
2027-11-03	05:13	06:51	12:00	14:30	16:59	18:25
2027-11-04	05:14	06:53	12:00	14:29	16:57	18:24
2027-11-05	05:16	06:54	12:00	14:28	16:56	18:22
2027-11-06	05:17	06:56	12:00	14:26	16:54	18:21
2027-11-07	05:18	06:57	12:00	14:25	16:53	18:20
2027-11-08	05:20	06:59	12:00	14:24	16:51	18:19
2027-11-09	05:21	07:00	12:00	14:23	16:50	18:17
2027-11-10	05:22	07:02	12:00	14:22	16:49	18:16
2027-11-11	05:24	07:03	12:00	14:21	16:47	18:15
2027-11-12	05:25	07:05	12:00	14:20	16:46	18:14
2027-11-13	05:26	07:06	12:01	14:19	16:45	18:13
2027-11-14	05:27	07:08	12:01	14:18	16:44	18:12
2027-11-15	05:29	07:09	12:01	14:17	16:42	18:11
2027-11-16	05:30	07:11	12:01	14:16	16:41	18:10
2027-11-17	05:31	07:12	12:01	14:15	16:40	18:09
2027-11-18	05:32	07:14	12:01	14:14	16:39	18:08
2027-11-19	05:34	07:15	12:02	14:14	16:38	18:07
2027-11-20	05:35	07:17	12:02	14:13	16:37	18:07
2027-11-21	05:36	07:18	12:02	14:12	16:36	18:06
2027-11-22	05:37	07:20	12:02	14:11	16:35	18:05
2027-11-23	05:38	07:21	12:03	14:11	16:34	18:05
2027-11-24	05:40	07:22	12:03	14:10	16:33	18:04
2027-11-25	05:41	07:24	12:03	14:10	16:32	18:03
2027-11-26	05:42	07:25	12:03	14:09	16:32	18:03
2027-11-27	05:43	07:27	12:04	14:08	16:31	18:02
2027-11-28	05:44	07:28	12:04	14:08	16:30	18:02
2027-11-29	05:45	07:29	12:04	14:08	16:30	18:01
2027-11-30	05:46	07:30	12:05	14:07	16:29	18:01
2027-12-01	05:47	07:32	12:05	14:07	16:29	18:01
2027-12-02	05:48	07:33	12:06	14:06	16:28	18:00
2027-12-03	05:50	07:34	12:06	14:06	16:28	18:00
2027-12-04	05:51	07:35	12:06	14:06	16:27	18:00
2027-12-05	05:51	07:37	12:07	14:06	16:27	18:00
2027-12-06	05:52	07:38	12:07	14:05	16:27	17:59
2027-12-07	05:53	07:39	12:08	14:05	16:26	17:59
2027-12-08	05:54	07:40	12:08	14:05	16:26	17:59
2027-12-09	05:55	07:41	12:08	14:05	16:26	17:59
2027-12-10	05:56	07:42	12:09	14:05	16:26	17:59
2027-12-11	05:57	07:43	12:09	14:05	16:26	17:59
2027-12-12	05:58	07:44	12:10	14:05	16:26	17:59
2027-12-13	05:59	07:45	12:10	14:05	16:26	17:59
2027-12-14	05:59	07:46	12:11	14:06	16:26	18:00
2027-12-15	06:00	07:46	12:11	14:06	16:26	18:00
2027-12-16	06:01	07:47	12:12	14:06	16:26	18:00
2027-12-17	06:01	07:48	12:12	14:06	16:26	18:00
2027-12-18	06:02	07:49	12:13	14:07	16:27	18:01
2027-12-19	06:03	07:49	12:13	14:07	16:27	18:01
2027-12-20	06:03	07:50	12:14	14:07	16:27	18:02
2027-12-21	06:04	07:50	12:14	14:08	16:28	18:02
2027-12-22	06:04	07:51	12:15	14:08	16:28	18:02
2027-12-23	06:05	07:51	12:15	14:09	16:29	18:03
2027-12-24	06:05	07:52	12:16	14:09	16:29	18:03
2027-12-25	06:06	07:52	12:16	14:10	16:30	18:04
2027-12-26	06:06	07:53	12:17	14:11	16:31	18:05
2027-12-27	06:06	07:53	12:17	14:11	16:31	18:05
2027-12-28	06:07	07:53	12:18	14:12	16:32	18:06
2027-12-29	06:07	07:53	12:18	14:13	16:33	18:07
2027-12-30	06:07	07:53	12:19	14:13	16:34	18:07
2027-12-31	06:07	07:54	12:19	14:14	16:34	18:08
